7
12
131
243
61
41
71
95
11
13
131
95
41
132
100
12
7
90
71
111
129
111
243
131
41
61
13
71
246
12
7
183
297
13
12
246
131
14
27
243
129
41
131
297
132
27
71
61
246
13
131
14
246
297
11
27
71
95
7
129
111
7
297
100
61
11
12
90
243
71
183
129
243
95
297
27
41
14
246
132
183
131
100
61
11
71
297
13
132
95
71
243
13
7
11
14
27
297
95
12
297
246
41
111
100
183
11
132
13
12
246
14
95
13
132
100
129
61
71
12
100
13
243
183
7
41
12
297
246
111
132
7
297
129
11
111
95
41
100
27
11
27
100
246
12
7
131
90
111
13
246
61
129
12
95
183
13
14
27
131
71
183
41
100
14
243
90
61
297
11
131
12
14
7
90
100
243
13
297
95
71
95
14
100
11
246
131
90
243
41
183
95
132
246
131
90
61
11
13
12
111
297
95
243
129
131
11
12
183
27
61
11
27
131
12
111
41
13
71
243
41
14
90
129
131
7
246
95
71
132
111
183
27
13
132
131
246
12
61
71
11
111
95
13
12
246
131
7
71
27
12
41
61
297
100
11
13
71
111
95
71
95
246
132
129
183
111
297
90
11
243
13
297
7
11
90
246
14
131
95
61
90
111
95
14
71
11
243
41
129
95
27
129
297
111
131
12
14
13
61
111
297
129
183
71
41
14
7
61
131
131
13
132
7
246
11
71
27
95
297
131
90
129
111
243
100
71
12
246
41
111
11
246
100
95
61
71
12
90
7
183
12
131
95
41
13
129
71
297
27
11
132
14
183
243
111
95
246
297
12
61
13
246
11
129
183
12
243
7
27
243
95
131
246
7
61
41
12
297
11
11
297
13
71
90
95
27
100
41
246
11
95
13
90
129
14
12
131
100
111
131
12
111
95
297
7
14
61
183
129
183
95
129
41
100
297
13
12
243
246
243
183
297
129
131
12
27
14
111
100
129
61
111
71
183
246
41
27
12
7
14
7
243
11
71
90
129
95
131
12
243
111
71
41
61
100
95
27
131
14
100
13
131
243
90
71
129
132
14
183
95
12
7
246
71
41
132
297
243
90
297
7
14
243
131
95
27
129
71
13
246
183
243
111
71
7
13
90
41
11
