182
180
352
78
80
142
110
112
245
126
124
88
143
366
183
75
132
256
220
109
190
47
150
193
177
232
208
110
271
36
142
114
17
123
86
182
71
54
154
201
411
225
221
107
96
68
149
36
72
94
42
233
82
179
275
136
117
152
124
49
103
191
219
109
123
59
27
182
197
95
274
57
90
37
27
408
18
76
271
315
46
131
274
152
76
116
90
194
244
6
392
246
68
54
93
132
119
249
97
11
44
37
49
124
302
225
256
76
411
98
225
17
18
21
209
80
178
245
244
154
10
107
78
178
113
71
349
21
63
80
72
184
105
178
47
373
222
208
197
98
125
60
218
36
86
87
131
108
10
220
20
103
44
109
101
131
150
224
136
95
59
76
102
11
191
62
103
244
91
225
408
179
141
17
27
191
137
184
209
192
110
24
117
93
82
134
83
294
293
58
204
46
30
179
245
24
197
178
184
293
152
27
82
24
273
36
293
21
174
200
315
125
75
150
221
218
373
131
21
17
180
43
103
349
246
256
274
77
123
111
81
224
293
315
76
248
22
72
114
30
82
277
150
58
252
137
81
194
71
201
80
280
132
21
88
70
232
191
224
116
149
199
101
77
18
182
113
46
193
6
248
411
126
272
373
101
176
209
59
154
302
113
24
277
109
142
256
75
17
94
244
22
137
222
184
80
99
183
96
63
78
411
60
274
221
73
10
218
76
182
61
293
79
244
23
95
78
70
149
208
84
42
280
119
22
275
141
124
189
44
365
98
174
246
116
26
97
121
126
30
366
176
20
352
365
183
90
31
96
197
252
114
121
85
63
190
101
280
203
248
101
119
43
108
90
112
152
121
61
178
18
204
271
252
22
246
60
74
136
105
82
149
112
87
96
197
83
102
44
116
112
121
17
84
272
150
119
63
233
131
174
73
272
224
91
102
54
273
249
248
154
245
88
294
373
19
9
183
21
293
177
108
116
95
74
248
68
149
204
191
199
90
277
182
107
113
58
95
200
141
116
302
248
68
245
366
232
349
142
280
142
63
43
9
204
17
86
71
149
72
199
194
105
141
9
392
304
113
69
126
102
9
184
24
91
274
106
248
109
182
392
47
191
204
178
192
19
174
256
70
20
103
154
82
209
57
49
123
208
107
