60
66
116
29
102
107
14
29
99
27
144
110
57
29
6
139
7
140
103
2
26
57
150
103
46
27
28
76
138
5
9
12
30
138
131
18
39
25
33
51
63
4
29
135
20
146
60
66
8
127
120
150
26
2
98
139
76
12
35
63
18
103
8
116
28
164
130
26
29
120
39
126
164
37
109
80
117
126
133
47
120
138
35
100
70
59
67
120
37
63
117
126
45
60
2
64
25
4
10
28
34
60
2
109
48
2
29
37
59
36
50
113
46
15
145
9
102
45
60
18
130
12
1
7
27
61
20
117
127
70
57
63
45
67
61
2
104
100
34
36
11
99
35
133
47
48
150
140
98
39
13
144
66
35
34
66
99
6
138
11
48
37
20
113
107
100
50
103
20
16
109
30
145
17
130
126
7
34
10
46
31
39
146
76
47
28
102
10
47
59
1
100
67
99
26
37
144
2
63
60
61
13
146
126
36
28
14
97
103
61
17
76
35
80
46
126
9
120
135
104
29
28
80
50
10
1
138
37
140
16
146
33
30
144
50
103
99
17
35
126
110
27
30
102
109
6
104
120
30
164
