178
513
222
28
241
348
522
370
20
644
693
776
241
152
564
395
346
193
454
228
371
334
75
316
130
459
19
776
536
601
515
178
191
22
471
318
482
268
239
223
154
134
424
628
487
350
344
692
18
192
614
636
24
611
585
515
20
628
234
138
119
431
720
743
244
26
615
561
20
638
48
95
41
708
246
743
229
597
254
615
638
518
11
637
632
236
627
33
513
91
89
273
124
590
141
482
538
67
134
694
343
646
65
314
318
376
28
348
371
82
348
366
140
16
201
349
41
88
158
199
95
371
140
484
776
257
160
314
601
554
455
370
342
493
538
445
256
41
183
694
65
591
580
646
513
152
554
469
614
26
420
120
455
743
649
454
11
12
348
589
90
38
736
259
338
427
237
81
649
423
599
362
536
615
83
776
91
456
189
479
397
829
95
7
352
475
239
638
350
47
491
254
18
280
156
370
693
308
164
313
612
241
475
371
295
611
32
196
346
605
119
912
611
237
126
134
344
25
638
674
28
451
75
776
274
315
487
604
694
420
153
537
19
637
135
580
604
390
323
246
47
583
365
200
493
309
88
108
513
346
156
561
352
29
623
309
638
83
273
135
310
478
855
322
376
575
455
609
220
110
226
123
607
311
193
318
322
12
427
295
344
309
38
83
221
855
431
493
224
192
229
432
452
473
36
601
235
47
152
92
167
420
118
82
77
134
348
518
238
425
268
614
167
576
20
488
362
452
345
215
43
585
314
48
444
692
209
165
482
153
586
829
81
242
29
316
364
82
111
491
156
57
67
470
36
219
91
638
82
65
601
25
579
311
491
644
31
233
276
156
82
537
133
307
18
480
259
31
423
165
157
166
611
121
192
520
318
494
362
422
363
277
271
309
90
67
209
108
273
432
237
481
611
427
290
235
240
628
166
256
586
271
48
28
594
126
225
47
237
125
649
138
427
193
485
274
244
559
855
140
395
28
19
83
480
498
351
346
427
86
692
559
627
275
342
242
536
578
16
581
21
250
581
223
689
239
637
373
674
313
223
431
520
547
83
774
318
334
192
426
349
567
322
593
273
191
77
17
311
513
484
585
459
423
586
229
576
250
200
80
196
494
228
16
11
692
43
120
720
736
93
84
47
247
475
19
311
66
580
366
