267
646
1376
456
223
833
658
129
118
195
289
200
1090
198
849
656
25
113
193
326
160
120
785
164
326
384
319
208
226
13
780
824
132
267
484
1165
1244
826
17
115
366
563
319
678
797
846
250
780
304
108
103
191
1291
875
204
520
771
813
378
449
457
517
1369
1223
215
529
1100
884
308
231
893
690
865
6
982
674
668
1281
264
1305
128
402
391
183
870
351
56
1281
313
108
20
1110
899
138
392
897
404
378
886
520
851
1213
1118
1117
684
519
147
693
26
350
784
544
591
264
179
50
373
788
714
494
3
406
667
303
389
189
412
787
142
205
520
95
117
442
675
98
1091
509
380
666
1215
121
714
983
9
889
132
785
516
678
877
11
192
443
318
448
847
680
1137
221
389
827
841
218
1207
220
798
105
648
357
458
393
64
224
456
50
1023
894
1301
173
15
405
491
7
32
132
842
441
159
840
486
240
21
460
703
412
342
1117
655
621
668
248
687
856
393
106
325
50
116
805
1100
592
654
124
94
829
318
1301
1124
1015
390
0
97
184
340
536
694
425
460
1089
387
138
194
95
934
46
839
223
234
664
225
11
586
111
223
107
300
534
139
1540
268
376
603
1093
67
207
1291
87
106
91
159
897
94
694
1291
225
1118
119
393
123
333
256
41
174
667
534
325
38
384
786
445
84
690
609
1301
17
673
459
524
355
596
1238
30
234
861
795
179
329
511
251
98
866
1301
320
589
596
8
183
215
264
667
982
214
1281
1275
671
1049
268
516
232
264
218
263
459
826
147
1214
840
696
874
385
309
30
76
48
1207
608
19
376
512
1275
675
215
26
378
649
878
409
405
825
407
42
650
462
178
914
789
885
1301
1281
484
649
834
108
660
98
263
268
817
76
41
702
653
825
1369
1218
187
850
388
1426
389
328
1246
319
192
313
112
310
705
868
515
246
290
209
1275
983
180
839
205
798
690
553
132
121
851
621
1479
669
630
877
20
916
192
234
524
1150
1275
487
901
328
592
214
875
160
182
328
28
524
304
162
795
138
857
530
7
641
145
819
563
350
267
856
1124
851
56
527
1560
170
172
186
177
509
247
16
150
657
409
460
1031
902
1225
649
11
591
609
254
715
843
20
92
138
223
177
798
407
24
651
660
866
680
425
900
231
1146
829
21
200
1213
651
702
640
1145
889
553
895
7
813
771
227
40
587
412
1124
245
847
321
862
1146
848
290
343
192
145
998
1090
880
261
103
443
331
838
146
129
242
719
511
857
211
181
797
860
884
1164
204
894
69
1034
20
234
821
821
694
391
27
825
1145
16
1243
67
1158
125
843
793
813
305
873
129
705
325
170
176
1275
1312
367
408
21
690
17
242
1378
385
891
309
874
1160
651
220
64
590
646
832
416
1142
168
834
21
524
686
646
343
599
491
1246
259
322
1110
196
680
1314
305
1185
1146
342
696
844
150
215
234
858
146
230
184
518
587
191
1479
320
1180
315
1014
400
393
856
208
981
322
587
983
2
143
787
1491
368
703
1213
519
365
442
36
875
781
317
1093
1364
258
165
916
645
649
18
515
272
448
783
684
715
1207
621
828
215
122
164
106
289
663
40
142
460
1280
860
1165
843
666
1491
103
181
75
163
669
1275
1086
650
1223
808
829
529
586
443
143
290
247
270
311
692
22
109
3
832
1213
132
835
209
107
1150
1034
182
123
485
387
865
443
603
319
412
197
34
169
264
664
230
665
1225
854
201
134
1242
122
649
663
1015
652
227
983
903
1016
1243
520
680
824
381
41
197
607
647
826
642
40
820
814
324
1243
691
704
795
143
536
1137
113
122
915
268
649
315
20
512
289
389
408
609
364
238
138
907
684
447
458
1086
149
899
14
653
818
485
793
405
651
268
833
773
50
176
98
388
693
654
1209
1006
16
402
1099
656
40
1095
310
376
179
819
662
1031
781
446
833
644
126
1238
1275
594
884
117
832
194
843
259
631
29
218
875
705
323
672
386
823
13
445
596
607
181
109
805
850
1491
565
592
208
207
396
369
982
1063
261
33
150
1314
902
1086
93
267
598
851
694
379
87
1369
213
150
818
693
514
861
91
1034
1242
290
449
211
416
31
317
1312
139
48
673
1124
1364
866
209
1238
17
787
862
607
227
690
254
328
12
215
680
848
351
862
304
319
485
8
1376
1152
402
377
509
591
150
594
1215
27
786
272
650
553
877
527
891
536
678
873
645
526
308
1034
226
198
828
491
1164
1089
257
460
1063
23
565
329
162
845
84
448
877
1408
211
200
673
485
229
1301
107
846
686
1275
1238
901
97
1483
656
71
887
1364
850
1063
64
895
853
251
243
527
117
254
265
509
30
981
1006
331
23
1207
0
843
75
737
241
1110
778
1228
982
350
254
196
1006
245
393
385
780
