70
134
542
65
1249
1246
545
870
245
911
2095
326
2076
129
2165
990
81
702
2024
78
139
230
996
162
2064
156
870
726
867
374
368
70
133
595
682
990
869
779
241
585
123
209
1304
661
625
235
107
2095
1180
700
399
992
353
702
878
533
2050
162
130
1835
378
156
402
139
862
235
689
115
690
819
1932
1036
1050
62
128
529
996
1178
861
61
1036
917
601
129
2050
1180
134
632
2064
374
1402
62
911
877
74
739
2024
1031
321
107
2047
372
2073
378
66
1050
141
65
870
862
326
110
53
209
724
726
1178
1774
540
363
321
78
929
2165
368
164
62
1240
534
2095
1748
134
258
264
682
862
309
870
867
81
370
657
1229
1774
127
109
529
316
642
402
700
107
164
156
1050
1402
655
1031
914
724
550
378
2095
1031
689
1166
1402
179
353
702
1312
661
632
78
402
1472
1835
254
37
870
1811
1249
1178
36
326
1229
925
61
1180
1312
1240
164
961
870
2047
1774
1094
922
169
139
357
929
550
726
632
318
2146
241
128
763
127
1031
917
925
529
870
1229
1273
622
129
133
241
61
739
1304
546
139
622
2024
779
685
1249
1840
1472
1748
922
2064
682
372
632
402
169
130
264
2165
2064
763
615
1774
545
74
1178
321
318
925
70
83
873
642
870
1036
357
1180
107
861
1840
867
929
101
130
877
1230
352
127
230
992
911
1835
235
801
862
777
1246
2064
1019
248
615
139
542
996
1166
1178
2165
1147
878
399
2095
726
1472
540
739
530
779
1273
661
361
101
532
870
1402
230
1840
1748
235
2064
881
2165
365
879
66
595
1312
873
529
533
179
326
914
110
101
2024
61
1893
625
130
2067
83
66
819
2095
70
550
1472
61
258
1036
162
2047
585
127
370
209
1402
690
378
922
1905
139
316
867
1932
862
156
1240
1472
169
661
1246
615
318
2047
230
78
1099
2076
911
685
1893
2067
1774
873
1835
129
2064
107
62
1180
917
352
534
546
79
363
595
871
877
1036
378
881
697
83
871
595
357
655
540
881
739
1312
550
2076
402
1556
534
169
861
529
164
1835
123
248
79
1036
372
128
922
992
374
241
870
546
540
78
74
929
1230
869
363
530
1304
130
248
1304
309
1774
642
370
685
235
1840
529
925
657
129
1811
353
318
361
1556
1312
241
2095
110
1748
326
129
1273
2047
615
368
542
235
248
801
127
763
1905
53
74
2064
632
1556
1230
917
123
819
550
134
109
374
127
61
1402
209
130
1246
625
363
1240
79
655
378
1312
657
925
1166
62
2165
682
914
78
363
870
374
402
1230
697
881
739
529
1050
37
326
209
169
258
1246
241
1893
79
1031
2024
248
1240
682
133
739
235
992
1273
129
130
1312
179
996
248
156
1230
2073
530
399
925
326
353
726
230
127
922
871
133
316
243
763
595
1472
1178
819
689
2047
2095
632
540
2073
61
690
107
992
870
230
37
682
1178
657
371
661
1036
615
37
779
702
2024
1230
2047
33
264
925
685
550
129
974
1094
230
689
209
661
1178
992
1905
1811
595
179
990
1099
363
961
615
365
2050
625
801
1147
352
911
685
1019
1811
33
690
1774
990
622
110
534
321
326
1230
655
546
62
739
689
123
622
361
996
352
1472
2095
2067
917
877
862
925
1774
655
585
258
2146
763
254
264
873
101
1748
1031
877
1180
529
871
318
370
65
879
777
374
1811
1178
245
127
739
241
365
2165
107
869
777
156
361
914
326
134
53
1050
1178
2064
399
700
974
2073
622
1166
374
1893
365
254
353
862
801
235
1050
1180
917
109
1774
2076
1249
1905
2095
881
529
922
254
689
540
264
130
992
1932
352
1402
1748
371
128
961
700
879
625
1840
655
1273
861
550
1166
862
1932
258
2073
370
1019
700
1147
689
911
657
141
922
62
107
1050
365
878
264
911
130
378
861
657
763
542
690
316
867
1178
779
925
530
243
961
1556
870
1312
357
372
763
545
990
1178
546
241
867
532
870
685
1229
70
911
371
542
316
162
532
657
585
326
209
1147
129
402
79
655
74
115
70
1249
632
101
533
873
546
763
532
1019
801
2076
248
133
1811
685
130
914
78
697
1835
243
877
689
107
615
209
53
129
929
689
601
264
532
133
530
321
878
917
36
357
877
1180
685
1036
128
363
1774
661
2024
540
917
1249
110
622
368
235
1893
74
542
353
115
1472
533
1229
83
689
1835
2024
877
925
601
1472
550
697
585
141
739
871
545
867
702
321
309
911
869
2095
1273
1748
689
877
819
164
248
139
961
110
642
1304
1147
992
399
697
1556
801
1835
1932
62
81
248
70
655
990
1240
1249
878
1840
352
661
2047
540
914
763
2146
530
881
545
2095
1703
702
530
877
254
870
1835
36
2024
123
632
862
615
258
78
370
2064
1249
169
911
1246
245
141
209
870
642
248
697
1472
861
2064
83
661
877
1099
36
1893
115
724
101
726
109
702
911
1249
961
550
2146
1240
399
1312
107
370
326
1166
763
861
363
62
2165
