617
1705
646
548
1420
1525
328
720
706
2050
1523
1897
418
613
714
710
2212
414
1514
401
66
853
451
1
802
2366
225
396
73
793
651
586
1243
731
2504
1560
23
809
789
781
129
1893
164
4059
761
173
225
1530
1197
696
978
400
33
777
706
130
1267
650
1030
640
791
271
344
1431
2498
1108
235
556
617
1112
126
2187
431
720
142
326
1563
713
622
610
1078
630
778
793
582
744
307
461
129
1197
773
653
728
525
310
1276
523
659
702
712
1003
2792
1941
802
1516
392
235
1879
23
461
634
126
657
310
2252
132
690
726
1525
396
29
2362
1235
2158
2140
778
431
1893
2160
320
271
2498
785
227
1928
1877
35
1975
72
738
615
772
1523
713
707
714
832
921
617
779
1197
613
2781
142
859
2366
91
1243
2547
1650
728
310
1941
307
2407
1516
634
326
2160
619
2110
325
339
35
321
2
4059
308
784
2175
165
789
1530
773
271
5
733
461
829
173
567
781
2754
715
416
624
2050
2534
1879
1897
653
1999
774
23
1723
633
706
2110
409
2744
762
339
582
1395
793
752
401
35
650
740
393
226
2504
607
791
307
1893
615
5
726
1523
409
2252
723
853
1771
2087
489
798
321
585
1999
333
344
308
802
1515
17
762
2549
401
717
1893
1904
1876
31
69
66
525
790
1563
125
761
91
624
320
1521
773
319
130
735
832
129
2901
451
584
344
1897
2746
1579
704
491
523
2087
931
2407
1
1928
421
927
619
2901
2792
129
586
1525
227
2175
1515
937
793
763
308
615
809
1045
696
235
614
420
607
414
456
700
1431
849
2534
696
694
630
1897
399
781
814
921
702
1112
809
927
610
1420
1723
632
737
733
714
2212
789
2175
2132
1563
395
586
726
227
2744
713
420
865
729
774
627
718
776
2087
723
1257
225
738
1380
1514
1560
752
420
235
762
165
125
567
779
2160
608
809
802
319
2744
613
33
78
740
812
586
140
3147
396
619
399
227
592
704
556
802
696
1990
694
1003
2543
744
927
1928
1
1197
717
978
91
2312
23
1723
1112
324
761
793
865
132
2087
431
149
310
195
1772
556
1879
400
1521
737
229
785
722
1045
125
2744
1999
392
585
783
921
795
778
1029
173
2140
633
2160
395
227
2754
5
1112
1257
787
328
1267
853
2407
646
651
765
421
1904
744
1772
731
78
613
978
829
333
811
740
615
2407
798
146
793
791
320
1877
1697
633
37
859
461
73
344
1267
396
617
721
66
395
787
718
698
622
2151
344
619
139
783
33
784
133
2175
1975
5
227
1078
708
141
2087
173
2
608
710
586
1893
271
491
319
1771
814
1800
1235
1897
420
227
1994
1263
1235
713
774
653
165
130
797
740
701
2140
2050
694
3147
310
91
723
173
418
228
1259
2362
1030
2187
308
622
714
2158
721
1108
409
548
779
1416
2549
802
714
784
738
2547
619
774
744
308
1987
320
1904
2187
2160
1417
632
4059
3147
1877
704
701
1263
832
1045
2087
173
1579
849
1800
1879
1003
706
2744
1285
2212
708
35
235
32
1876
613
421
271
584
1904
789
832
814
607
1560
690
132
3340
774
1723
1928
226
811
773
2151
1893
149
457
772
2312
1521
740
646
793
396
2781
91
733
2110
651
140
1420
308
523
1898
704
811
2547
700
2175
229
416
73
23
790
1879
1431
765
31
525
2151
1772
126
829
1285
461
1515
931
627
765
70
451
931
704
324
225
1928
400
333
783
777
710
659
733
735
2212
784
2132
33
2792
622
715
326
195
2746
723
1530
141
793
392
2362
489
761
1650
1108
2087
228
1723
1376
69
657
141
663
737
2134
762
721
585
728
556
2050
783
449
715
227
548
414
1
73
632
1999
451
702
624
722
328
785
789
627
752
431
37
663
1257
696
1999
165
1523
720
738
1380
853
1420
1376
2312
1941
5
456
416
1263
3488
489
701
798
2504
126
2187
714
1579
710
149
457
619
690
35
23
1003
627
142
310
614
328
772
609
449
420
1112
2212
1521
783
731
1898
2160
321
525
1259
450
319
1420
787
320
414
585
1697
78
393
1030
228
735
650
23
859
698
2362
2504
17
619
726
1263
982
1904
696
731
608
1078
125
849
694
653
740
548
310
396
627
785
3340
324
307
1563
2187
1928
406
728
2086
787
1003
859
615
78
2534
811
1516
2744
2252
1723
729
461
2087
714
70
698
1259
728
814
793
2132
1515
622
650
125
573
772
708
762
567
2050
141
2098
17
129
1029
832
451
5
32
140
2110
1877
2132
1879
2504
91
853
4059
698
227
715
23
723
2160
3488
721
2187
2252
744
735
1563
773
702
619
937
164
700
634
142
573
1029
2781
798
3340
617
809
729
1416
2312
420
229
1560
710
1078
1876
2151
708
32
790
2098
849
2543
2110
1975
931
31
1380
1003
491
706
70
765
5
657
2187
694
396
489
2050
1516
393
523
731
723
2754
1525
1705
400
416
1897
2543
491
35
627
23
406
1235
2498
1376
132
139
37
829
392
17
761
1514
773
1893
1376
784
431
333
2086
66
149
456
1705
525
1416
865
1197
1525
2312
414
573
853
1257
690
2
723
832
1904
1999
2534
91
319
523
812
659
393
779
1999
141
706
1244
401
640
78
489
1417
798
228
731
779
585
1705
700
735
1928
450
650
1994
690
1416
1723
449
195
722
1697
777
2175
400
1650
630
2158
2547
227
1263
23
735
700
2175
630
829
146
849
1525
3340
657
650
2547
29
585
865
1376
409
321
392
400
431
310
2543
812
1994
421
271
632
344
393
733
165
791
798
811
1772
812
1244
1650
701
1897
324
2086
2744
23
450
229
694
733
1108
1259
129
651
729
772
573
35
853
1197
774
326
310
1697
17
1263
696
2134
1257
556
390
733
690
717
78
1003
738
812
609
619
333
615
2140
139
32
3488
1416
567
694
1
2252
1928
431
712
982
235
762
1904
1516
789
657
765
1078
1395
733
2087
165
740
2744
228
2781
321
78
715
29
797
1879
573
617
1560
1267
608
1235
229
1078
431
2746
2050
307
392
1276
610
1650
1697
1420
2175
418
2498
146
1941
2744
1563
308
2140
728
765
708
235
2901
735
173
650
2781
729
713
556
1285
1416
164
133
787
1112
633
1650
307
613
3340
141
811
659
227
715
978
2362
1650
400
2212
1877
2140
627
1029
729
617
2134
140
791
1420
2754
2087
164
126
307
1514
774
1257
832
927
556
132
653
227
414
717
1530
1243
525
129
23
772
164
310
173
456
783
1003
797
765
228
307
321
165
2543
706
615
2547
2744
761
618
2549
1876
812
814
778
650
2134
1030
613
663
1650
2312
525
140
1197
737
832
762
567
787
1975
700
865
1904
149
2312
614
1267
1697
772
2547
140
573
2110
396
325
585
2160
592
704
790
718
523
3488
1772
640
784
715
271
126
814
646
704
129
126
420
2547
1990
1257
632
832
319
1877
809
650
1376
592
69
320
2140
1530
2744
781
609
2498
585
731
418
229
614
2549
1395
663
789
798
650
1560
927
2187
783
333
573
789
921
1244
720
1879
694
225
630
491
634
710
721
239
797
523
582
712
69
17
401
72
406
325
1530
2498
73
2746
414
2407
525
2534
457
1876
1800
491
1705
392
618
1514
632
2543
2744
1197
1112
793
614
333
585
1416
728
1029
832
393
1420
809
229
3147
584
1523
5
325
129
2098
809
2134
1563
1928
451
489
653
982
634
720
1904
229
1078
921
694
32
1697
165
795
937
400
567
614
33
1516
772
714
431
393
615
320
726
710
1987
707
785
1243
2407
29
744
1285
779
2132
737
91
777
653
2087
931
489
832
1904
3488
809
321
584
456
700
548
1078
726
2158
752
225
130
141
414
421
582
523
708
1516
613
1879
456
66
791
2504
713
809
2087
395
733
1078
2
235
1197
738
392
2160
141
650
1030
491
523
586
142
609
1772
1705
35
726
70
1420
592
1108
781
414
1885
632
1029
704
608
393
651
406
1987
729
139
320
1893
633
785
722
765
308
592
450
646
456
3488
2543
1523
613
2050
653
1416
1800
35
787
321
66
1877
1420
720
2134
1516
650
1563
3488
548
2175
1772
731
227
710
700
640
457
1897
164
762
308
2187
809
708
1416
609
795
1525
1
814
344
2407
744
3488
395
344
3147
1420
2543
921
451
865
489
761
5
339
173
1560
125
849
832
401
1579
718
2547
91
1112
1523
607
333
1898
791
721
657
982
787
1197
622
712
781
702
1516
2134
2746
1697
2252
773
723
418
141
1514
650
1420
91
585
1276
1897
582
310
2312
622
307
802
657
1928
1
696
392
2
146
832
1560
139
809
777
1078
778
1898
226
700
1877
744
706
229
165
1108
779
1515
723
2362
592
657
2098
978
634
607
339
1723
2754
421
1259
701
2547
548
3147
2252
225
1994
618
982
548
784
418
1650
3340
227
713
2547
718
567
319
721
849
326
1108
607
414
783
1904
610
1078
450
735
738
811
91
392
921
1530
763
812
791
141
