465
153
274
279
278
284
314
432
433
192
380
322
153
0
195
432
425
284
97
105
380
381
279
465
106
310
425
36
481
105
381
319
481
61
465
195
105
36
456
192
380
383
315
481
279
175
105
36
97
192
380
383
432
211
279
284
105
304
433
192
380
381
39
274
66
465
432
285
36
481
380
61
383
99
0
481
425
284
148
192
465
404
481
0
46
279
304
36
97
192
380
195
153
99
97
66
465
310
148
105
381
97
61
465
279
195
0
284
148
431
380
381
99
274
465
46
481
36
97
284
465
61
274
99
278
175
431
36
481
192
322
381
39
404
383
0
279
106
433
481
380
322
404
195
148
0
465
279
311
456
381
0
66
211
195
432
105
304
148
192
99
381
304
0
279
173
105
425
148
431
381
319
404
274
481
383
195
101
433
456
99
381
153
383
274
195
304
36
456
284
99
39
310
274
383
279
192
285
36
431
99
195
404
456
383
46
105
304
97
192
99
0
319
404
211
465
432
304
456
192
99
0
404
66
211
465
432
285
36
431
99
61
0
279
106
431
425
433
105
192
380
296
153
274
465
278
432
106
433
481
61
153
404
319
0
465
279
432
433
97
380
465
404
274
195
296
57
425
433
481
99
381
153
383
278
195
105
173
39
284
380
153
383
211
465
279
175
432
311
456
99
381
153
383
274
66
46
279
425
148
0
404
481
66
278
279
101
425
105
431
322
99
383
105
279
284
192
36
97
431
0
153
481
279
284
175
192
433
105
36
380
381
383
0
279
101
173
433
481
36
380
61
319
404
274
99
383
195
433
456
380
381
99
211
465
279
311
105
36
284
380
0
319
99
211
465
432
106
148
192
404
148
383
279
465
304
173
481
456
431
381
321
0
383
211
195
173
481
148
192
99
153
383
481
465
310
304
39
456
431
0
153
383
279
278
284
195
433
315
431
39
404
481
383
279
465
173
425
315
192
381
383
0
211
195
279
311
61
456
431
380
465
404
481
278
175
432
36
315
105
380
465
195
99
211
278
311
105
285
431
153
321
383
195
432
57
105
425
39
192
381
274
315
211
481
279
105
106
97
192
380
0
153
319
195
279
57
105
39
433
322
61
153
99
0
195
39
105
433
431
465
296
153
404
274
481
278
279
106
148
