357
487
74
492
229
46
441
453
282
53
357
132
258
74
283
450
441
362
424
257
322
407
382
124
227
450
279
441
362
36
357
472
449
74
333
229
279
359
441
492
357
288
368
387
281
442
441
484
424
409
472
309
449
74
409
132
226
441
492
288
357
322
258
124
133
450
226
441
424
492
282
449
74
409
368
387
281
484
453
333
357
322
227
383
124
368
281
442
441
398
357
407
382
46
472
288
450
36
287
449
309
258
74
409
279
442
484
453
362
333
130
424
449
74
229
279
450
486
257
36
357
132
227
409
368
387
450
441
281
333
322
133
383
226
450
420
453
36
282
424
357
322
130
281
407
450
485
453
285
53
357
407
258
484
288
309
442
453
362
409
357
407
227
74
359
229
450
442
485
53
322
472
227
74
258
368
450
441
424
53
357
449
347
409
368
488
279
442
287
492
322
472
130
409
229
279
450
442
257
53
357
281
74
333
450
442
484
285
53
130
407
449
74
409
488
281
420
441
283
492
132
449
74
384
229
487
441
285
36
257
357
288
449
383
409
486
441
484
258
53
487
258
383
492
281
450
409
362
74
453
357
472
382
74
368
281
449
442
424
226
357
407
449
409
487
359
441
282
283
53
322
309
382
74
287
450
485
282
449
359
357
472
484
168
283
281
441
453
36
257
322
283
384
227
420
441
453
362
36
333
226
132
449
130
168
442
227
384
36
409
322
132
227
383
384
229
450
442
485
409
357
227
74
124
387
450
285
453
362
424
357
309
449
283
359
227
450
485
36
53
357
487
74
384
288
279
46
442
441
53
322
472
384
409
450
441
282
362
333
287
322
357
449
283
420
407
442
485
282
257
357
487
382
258
409
450
485
287
449
53
322
357
168
132
442
441
282
362
424
226
322
357
487
229
133
387
450
441
283
53
357
449
74
384
226
450
420
258
333
130
133
449
130
229
387
450
285
36
409
424
322
449
384
409
226
488
487
442
492
279
357
472
449
74
384
133
288
442
283
53
322
282
409
279
487
442
441
398
485
333
357
407
74
124
229
383
288
420
441
453
322
449
409
229
46
442
485
285
424
53
133
288
449
347
168
488
281
453
36
409
322
288
449
347
124
287
488
453
398
409
484
74
384
279
227
486
441
453
36
53
