33
46
62
89
99
46
99
20
21
52
10
80
5
7
35
99
10
80
35
79
99
69
62
5
7
82
46
62
80
40
46
61
5
21
7
46
5
3
20
61
82
99
80
21
14
33
46
3
5
40
46
80
20
79
52
99
46
62
20
61
33
99
80
20
61
46
10
62
21
80
82
33
80
89
5
82
99
5
79
52
46
93
3
5
62
46
99
62
93
7
99
5
21
79
40
69
3
5
80
7
82
46
80
40
7
33
99
80
89
7
99
3
15
21
80
46
15
5
21
35
62
5
3
80
52
46
0
80
20
7
99
5
20
79
15
99
5
62
20
15
3
5
80
7
72
99
9
62
5
7
99
10
62
5
21
82
46
99
79
40
99
5
93
20
79
99
69
3
80
79
82
9
80
5
35
33
99
89
5
20
33
99
62
9
5
99
93
5
21
35
82
33
80
5
40
5
80
20
72
7
82
46
5
72
79
33
46
80
14
35
99
3
5
72
7
46
69
80
7
35
33
62
5
80
52
99
69
80
20
79
46
99
62
35
61
33
46
3
80
61
99
9
80
35
7
82
46
62
5
72
