106
220
21
142
107
193
71
101
118
187
119
118
142
1
14
18
106
147
22
67
13
19
21
147
26
75
18
14
187
57
154
147
118
291
107
18
14
102
193
71
118
22
102
187
123
26
19
193
65
16
27
1
12
15
119
220
60
16
65
23
27
23
220
106
15
14
67
101
107
19
75
12
27
154
60
101
24
102
65
187
107
187
194
16
193
12
24
220
70
1
75
24
194
27
119
107
30
71
67
26
30
17
27
291
220
15
12
118
19
107
22
30
291
119
142
101
123
102
23
18
220
60
26
16
1
17
22
119
106
75
118
16
102
65
24
154
30
4
1
27
75
102
106
1
19
23
291
16
60
57
123
194
57
13
102
17
18
21
30
193
191
119
142
291
101
18
107
154
123
70
17
194
291
26
1
60
24
123
71
65
23
65
13
291
16
106
21
118
24
18
102
12
57
24
14
70
101
191
22
194
17
102
142
19
22
101
70
106
27
191
57
107
12
21
26
1
16
22
123
154
220
60
118
21
22
14
67
26
18
1
70
291
19
119
18
75
22
101
30
71
193
70
12
191
194
30
142
107
154
71
101
187
102
142
220
22
17
4
154
147
119
65
291
12
142
123
193
17
15
147
75
154
142
18
119
60
14
17
193
194
291
193
194
17
15
60
4
119
118
57
106
57
147
17
27
23
118
123
107
15
23
22
142
119
21
102
14
291
107
19
24
22
119
26
12
15
107
191
57
60
13
75
24
12
123
18
14
101
118
17
118
21
57
18
4
71
154
142
70
194
154
142
60
101
70
147
193
118
14
23
187
26
147
118
123
1
12
70
193
71
15
220
119
18
17
22
187
154
101
65
70
21
291
142
67
102
14
1
60
65
1
193
142
191
187
65
123
194
12
13
27
118
119
13
15
60
67
24
16
70
194
60
67
187
30
12
107
13
191
193
15
27
220
107
26
75
118
154
187
102
101
1
21
147
70
17
193
26
291
75
65
291
15
123
118
119
67
13
17
24
107
24
22
1
101
193
19
15
14
220
23
60
193
147
107
27
75
65
118
26
102
142
18
60
291
16
154
75
1
30
65
30
12
16
4
71
118
101
26
107
21
71
102
30
75
1
57
23
70
220
220
21
119
75
67
70
193
26
13
187
