11
150
139
19
182
150
45
14
66
161
139
124
36
161
4
11
182
174
14
41
9
55
13
36
192
39
167
116
4
36
63
150
13
174
39
11
195
189
41
194
146
150
27
9
116
63
194
57
138
36
120
54
45
95
192
19
189
36
66
16
146
180
57
124
4
77
19
100
138
87
180
167
95
87
40
146
150
54
97
192
146
195
27
167
14
182
121
195
155
36
27
88
138
191
180
88
191
36
35
40
195
194
13
39
14
46
121
13
27
124
120
46
13
39
70
174
180
138
95
40
182
19
13
191
100
11
167
87
162
192
189
138
40
66
16
182
161
14
66
36
62
116
191
36
41
150
62
70
39
121
180
138
36
35
161
19
44
95
14
16
195
174
57
138
36
146
11
139
167
41
55
167
191
4
16
39
13
191
117
97
120
195
138
66
19
62
45
191
36
41
120
191
43
162
70
11
13
116
62
40
41
189
116
87
70
55
150
139
87
117
13
27
95
139
16
11
139
100
4
161
120
150
139
45
39
46
39
13
45
4
46
41
45
36
14
19
13
189
43
70
46
150
139
138
40
55
121
87
35
70
