205
44
18
167
221
121
56
241
201
55
238
359
472
241
265
213
109
234
184
18
142
308
238
330
182
359
225
396
234
17
468
222
272
204
265
142
167
18
64
130
165
82
333
114
359
224
127
4
396
210
92
130
114
209
177
18
254
23
225
323
202
373
61
468
217
113
201
272
68
109
26
180
65
165
330
217
291
116
305
92
42
113
21
55
383
213
23
202
225
210
180
116
177
265
27
182
221
165
168
172
23
204
17
127
121
182
92
56
330
130
330
142
92
44
56
113
167
68
308
65
201
82
333
390
61
222
241
18
291
302
65
305
225
113
115
222
56
396
18
199
317
225
201
468
42
4
116
396
142
180
302
198
265
291
21
112
213
27
116
524
213
182
55
168
254
61
238
42
115
330
373
65
68
302
60
254
168
42
109
202
468
323
265
373
224
213
184
127
55
472
168
109
213
61
118
18
26
113
111
4
26
172
383
305
82
60
182
272
166
217
205
524
26
55
87
113
472
333
17
222
172
87
210
177
204
166
383
302
26
468
205
165
167
87
26
272
4
44
383
199
254
317
308
359
472
116
18
199
55
373
114
44
217
65
118
17
234
56
224
116
130
472
201
17
265
204
222
3
165
291
217
87
111
112
390
199
202
18
333
167
4
317
172
1
210
130
42
472
62
87
221
524
172
308
234
64
317
265
390
56
390
168
113
238
1
201
396
109
182
68
241
308
17
56
396
225
205
21
112
118
112
272
172
323
87
68
168
213
184
265
383
44
17
26
180
167
65
82
118
213
114
61
202
68
166
3
373
180
21
18
112
202
224
217
121
116
472
172
305
111
82
302
224
373
21
222
210
241
201
254
165
1
390
125
308
113
3
383
234
61
472
109
42
199
254
359
265
396
125
60
23
168
4
3
180
198
26
472
27
42
308
373
209
3
92
127
323
172
27
524
241
198
213
373
222
224
291
265
323
65
55
199
121
234
61
42
222
221
468
180
330
238
177
234
4
180
241
302
87
472
333
323
184
224
167
396
305
21
182
199
127
468
202
396
118
359
116
92
213
109
64
177
121
55
317
68
302
87
201
1
44
221
23
68
27
26
130
172
61
222
118
221
317
383
172
202
21
166
198
27
359
68
121
373
44
213
330
23
166
65
