307
308
39
199
135
807
473
579
248
763
311
322
1006
789
604
475
58
316
30
575
214
74
80
4
449
567
307
213
30
944
81
479
70
212
314
64
851
805
471
677
266
83
86
497
498
173
137
793
161
478
570
450
807
71
148
184
34
176
575
760
161
316
322
70
589
837
132
263
579
71
336
493
5
68
606
1
471
49
473
162
793
470
677
147
216
314
219
64
213
442
132
792
80
805
260
473
11
577
34
146
21
450
322
590
763
138
147
483
82
49
470
8
60
606
160
166
216
222
144
163
317
583
763
213
470
49
571
426
2
362
608
478
853
311
563
74
1006
577
498
828
567
213
263
173
483
637
4
156
224
145
837
819
577
61
336
606
72
75
176
793
67
793
260
601
162
145
61
828
819
222
64
847
583
450
151
567
135
58
1123
362
58
320
606
340
478
2
336
219
74
137
316
8
677
602
83
132
575
760
60
152
184
336
601
10
577
321
345
263
176
61
130
805
162
137
224
60
837
567
763
59
329
179
2
479
260
473
583
163
152
637
67
224
449
162
81
316
199
579
760
450
135
306
134
66
168
677
163
838
148
161
471
159
157
563
789
805
837
497
63
345
563
21
206
72
64
805
11
470
1006
3
765
130
153
583
81
493
306
212
216
159
4
11
67
577
362
311
602
214
793
49
800
219
212
814
733
145
479
130
139
819
160
80
162
57
156
224
606
442
81
166
426
266
153
577
604
226
307
137
563
151
141
221
78
30
677
573
251
583
130
1123
2
80
837
157
83
570
608
308
206
793
5
34
600
168
606
148
793
841
837
608
251
819
602
637
39
64
75
101
66
479
575
148
851
449
320
8
314
168
5
321
760
608
263
61
814
260
493
837
101
583
493
800
61
147
57
176
101
134
573
792
571
600
212
59
266
21
853
224
819
255
602
340
807
60
8
144
71
793
590
81
817
224
57
841
34
837
151
308
563
819
74
219
800
320
30
763
608
478
484
260
78
329
5
222
153
212
805
573
82
847
302
570
147
321
814
57
137
64
478
66
61
800
75
819
470
765
135
316
157
307
575
176
944
308
260
131
567
39
606
328
590
258
2
475
306
1123
10
573
483
72
147
161
184
321
493
847
807
57
153
322
148
63
82
71
1
302
212
8
677
39
61
152
4
763
449
224
248
340
792
837
819
147
442
814
498
760
214
329
316
608
157
733
571
212
49
75
1123
214
608
789
216
162
760
590
3
147
1006
944
475
199
176
58
255
74
498
179
60
321
70
497
146
493
206
577
216
81
470
260
72
763
101
146
67
853
206
314
145
733
475
75
167
577
134
449
473
74
3
68
805
306
168
141
837
11
471
944
224
39
814
219
450
329
677
316
600
145
442
214
173
817
311
8
75
176
733
151
67
138
248
944
131
251
80
255
805
847
74
336
760
637
328
336
583
306
805
807
793
483
131
83
3
161
144
604
814
173
573
21
151
219
316
944
255
4
139
800
199
479
60
807
151
145
86
760
1123
258
307
59
157
21
216
58
442
70
336
570
817
179
819
5
178
266
793
838
139
146
608
814
63
314
86
3
807
853
152
72
159
168
475
583
814
11
577
819
483
178
255
71
30
765
3
608
251
493
206
733
160
224
255
260
167
132
602
563
156
1006
851
1123
577
163
471
67
173
590
8
157
498
316
255
311
567
805
137
162
493
64
144
214
156
39
156
316
168
733
145
157
2
601
66
71
178
152
1006
226
3
75
78
807
329
147
221
64
178
471
82
139
219
793
101
853
138
133
426
470
760
260
63
316
329
1006
760
5
131
475
145
814
39
263
4
1
317
255
10
57
166
314
841
30
449
266
2
10
226
147
828
944
59
80
219
838
167
248
470
60
637
322
853
450
321
583
328
316
78
637
760
837
58
138
184
64
577
101
817
8
677
161
805
302
144
39
101
39
131
442
11
733
837
589
151
3
314
216
61
814
345
130
841
426
49
307
317
39
133
179
604
473
57
141
328
579
266
608
442
1123
221
67
340
160
470
471
819
248
133
130
575
478
600
66
442
145
159
70
573
21
148
60
307
10
340
328
101
733
601
206
484
450
72
493
80
67
214
10
212
577
70
258
213
63
83
166
139
637
137
68
8
307
577
483
179
475
851
148
82
161
853
145
792
74
251
733
152
478
49
426
160
837
212
1
789
793
75
178
792
484
251
328
138
470
733
579
146
847
601
608
58
75
159
167
260
311
132
144
49
135
57
216
4
677
251
226
608
157
800
792
819
60
71
156
1123
78
828
39
471
8
219
141
426
151
733
30
