125
707
1748
161
1699
563
190
730
1795
31
208
42
277
367
649
788
22
1144
365
238
237
19
137
295
588
681
1981
1672
269
1144
365
657
18
1133
226
319
480
697
187
280
1444
670
669
1066
637
758
46
788
621
1113
180
46
161
480
146
667
755
60
203
318
559
1991
1008
733
285
253
382
637
778
1135
24
75
192
200
557
750
467
105
665
118
970
204
185
681
840
103
213
641
27
212
297
739
69
241
382
197
143
127
610
315
1981
1795
2251
108
766
367
1672
700
974
212
542
1637
23
347
42
289
365
581
19
1108
987
1113
669
730
291
18
1699
840
75
778
747
563
233
657
214
207
108
543
213
974
2124
192
701
1108
649
22
234
359
981
277
633
312
171
598
76
137
1008
88
69
311
161
562
1672
626
64
667
575
1314
365
1795
641
725
681
545
53
207
187
558
840
587
1008
51
19
76
747
71
663
234
127
766
286
241
208
318
657
626
788
914
1066
688
330
312
561
480
286
365
23
1148
562
730
626
225
19
333
207
20
429
212
657
51
127
489
277
545
575
568
105
204
1281
297
42
758
103
820
1007
214
251
137
88
333
197
161
269
124
277
53
20
171
663
753
562
739
1007
345
585
203
171
286
31
18
1135
1795
559
217
462
778
593
238
289
208
104
1113
766
299
214
36
710
585
1981
503
558
559
627
205
333
204
315
197
675
39
725
778
42
2251
598
1699
747
60
1748
143
104
161
558
359
162
105
231
688
477
1134
675
203
214
581
755
46
333
137
204
238
234
367
208
127
213
71
559
701
675
42
130
1314
585
22
36
237
234
747
194
562
480
187
162
185
88
669
240
365
477
285
283
707
187
774
36
171
1133
170
697
24
173
161
462
1107
31
688
618
205
593
820
724
22
23
779
766
558
212
621
55
1637
626
318
970
730
1444
747
568
297
1007
197
766
225
549
562
1135
23
627
546
205
669
467
187
180
299
214
66
593
1314
774
55
556
1672
649
588
911
755
357
241
1281
697
618
237
750
286
315
1107
24
197
295
1134
53
204
987
633
357
558
253
345
55
51
588
200
347
593
19
618
66
543
549
1007
556
319
667
127
585
231
130
543
285
601
467
225
1134
311
185
238
700
194
563
733
598
146
747
1748
39
31
724
367
545
185
1314
633
670
40
503
312
562
103
681
1135
125
556
60
333
709
730
778
37
429
240
143
788
280
2251
669
66
365
108
1107
226
670
2124
610
318
277
146
663
562
987
598
700
161
213
1637
283
667
190
330
987
1093
139
24
294
788
108
37
462
187
180
840
747
23
1281
1795
217
503
2251
675
225
143
39
36
219
207
588
18
700
312
641
1148
633
194
1133
124
733
970
627
1066
649
23
558
173
154
66
333
489
105
788
1066
766
66
733
1991
207
707
286
125
462
103
51
154
19
299
69
203
1108
253
71
1134
477
542
700
503
545
286
1981
429
621
556
295
27
231
707
585
237
333
1144
219
225
1113
46
637
238
42
207
289
587
231
318
127
69
561
104
598
1133
610
1981
24
330
970
319
549
42
987
1672
367
212
1007
71
194
503
587
312
197
42
231
347
710
477
2251
315
71
598
1444
1007
1314
365
557
1108
118
143
778
280
66
663
779
601
593
675
42
237
701
217
219
36
542
277
220
1108
663
665
299
130
180
1113
280
46
157
549
143
285
1007
154
1008
2251
1637
601
575
76
549
778
118
220
213
231
970
1699
192
214
480
194
171
1314
467
840
69
2251
557
139
19
237
545
297
217
187
162
299
66
285
585
700
779
914
130
556
477
911
173
1093
1007
66
480
382
1148
557
1093
208
203
1444
319
697
71
171
598
220
562
194
753
219
766
779
911
1135
503
173
76
55
670
970
289
269
1007
626
730
981
549
1444
669
558
593
681
710
108
137
542
286
618
51
462
345
2124
170
1093
649
204
311
563
1066
840
143
700
40
503
345
546
319
593
1107
295
758
318
970
161
285
1281
587
18
315
234
190
23
563
657
700
219
559
66
665
633
675
71
710
105
778
758
297
213
187
207
39
1144
214
1672
108
251
750
688
575
585
365
1795
294
1113
545
1135
758
610
633
240
627
269
234
1107
130
357
359
55
2124
294
23
588
37
225
204
755
1281
911
1008
657
311
187
641
18
974
753
217
157
545
42
130
170
60
234
213
36
1981
725
345
585
311
88
154
911
330
667
480
192
51
42
598
549
1637
2124
105
559
779
103
154
200
66
31
53
187
562
725
280
76
241
697
914
190
667
1314
739
104
587
557
559
22
283
1281
621
205
20
503
675
477
697
557
295
709
700
2251
154
641
1133
601
1637
190
561
64
46
241
297
277
20
489
345
286
219
558
66
40
747
503
157
27
665
1699
562
974
170
1113
1134
233
633
212
185
200
315
545
105
820
911
213
707
214
289
295
626
575
162
1144
593
251
670
750
104
667
1093
365
766
333
700
710
779
739
545
280
251
1748
51
64
23
143
1008
283
489
154
208
347
610
108
724
289
747
269
1444
180
637
367
40
125
1699
562
549
774
558
820
251
1981
139
76
626
154
637
277
357
220
130
42
205
724
542
347
1066
19
311
130
185
347
503
212
124
1107
75
739
755
118
31
733
220
637
125
987
240
462
688
477
367
1144
670
60
220
269
585
24
1981
700
71
709
118
970
367
22
1066
251
280
283
1134
64
701
225
758
1699
675
286
39
76
1134
758
130
755
190
173
626
105
1093
981
51
733
217
778
118
345
774
220
312
601
170
190
208
20
549
1093
269
649
204
233
598
219
477
173
143
37
667
585
657
124
681
127
700
1444
185
319
31
367
766
1007
311
233
747
170
382
291
207
911
330
970
46
154
670
105
251
220
137
20
663
108
104
190
253
1135
55
755
217
987
774
1672
707
725
359
820
747
146
557
220
27
503
19
231
1108
37
127
64
2124
213
563
549
627
285
143
688
1795
1066
1981
220
556
130
204
295
219
733
1699
51
31
681
914
587
241
