1814
3
3745
819
4235
210
1849
2731
1097
489
848
655
1810
952
4138
1775
5680
1921
1301
924
5438
3536
483
1773
801
1800
209
852
715
333
490
54
812
484
1045
3203
808
10
3671
238
1817
776
485
425
819
473
3
275
2315
213
833
4391
708
470
484
994
1341
1373
777
3196
1552
3536
1501
481
2294
1008
302
812
857
924
18
4951
805
728
860
763
818
2207
476
2882
3016
811
2992
508
755
210
1190
3025
10
3745
1822
2387
1923
20
1203
480
223
509
266
1175
1958
2523
599
1829
1045
3474
2294
1373
846
588
1788
1885
1871
1872
4122
1487
229
919
1818
2342
2297
5688
3678
227
333
2345
851
599
265
1786
70
1639
708
1102
1093
1810
2211
1788
275
1203
2021
2315
833
1815
4539
2165
585
1633
310
490
832
689
827
1923
1301
1818
3001
1799
72
2972
1180
1921
588
2523
302
91
3207
275
1872
2997
2486
1831
214
1823
1203
1097
5219
295
3678
1827
806
2784
4196
1802
1374
2294
1810
4
776
534
814
736
213
915
1
480
1885
3536
1018
16
590
2523
72
774
482
1670
491
820
655
2638
952
472
3202
1925
2595
5440
1363
2058
5225
3881
5438
781
299
4196
3719
2344
295
3646
1879
1101
919
779
756
736
1885
5494
1373
7
818
467
1021
2350
5225
846
4235
1872
1928
1773
481
1958
2394
482
814
2
3881
2731
599
1771
2761
1227
4300
310
20
852
534
8
2486
3001
214
373
476
833
295
736
857
1799
1486
474
1860
3207
213
923
72
784
490
1958
18
229
833
481
467
683
15
19
689
1640
472
1794
1771
476
212
508
2997
1818
2342
560
238
306
1101
2394
256
1374
1088
1788
3503
429
747
2211
10
1827
2165
3203
474
4196
2342
3536
1203
1008
491
1879
1374
860
90
829
5438
805
924
795
1818
3736
560
1639
472
211
739
373
3716
2486
487
787
633
4391
3196
1021
1814
60
1278
833
299
266
1003
5680
3203
3678
16
829
1810
1498
802
65
1928
832
476
102
915
811
728
238
1341
4122
4951
2484
1849
784
1827
833
812
4297
3745
481
1958
590
3879
1
8
1363
505
230
5225
4
1822
1633
1
4539
5883
3490
3
801
2297
763
1815
540
2638
805
481
3196
3879
18
2994
1818
467
3626
820
299
806
3025
829
812
3536
802
728
1363
832
2058
5219
4196
1506
37
1871
852
3678
18
60
1874
1428
944
818
829
1860
812
1374
1814
2972
1966
5219
1506
4539
795
508
3646
1373
851
3745
728
1815
833
480
2058
2638
1289
3719
1823
1631
1093
6
2
2486
306
3626
5494
944
5524
6
1855
599
806
924
938
1467
256
5688
3206
1966
683
772
929
211
1773
5438
3490
1093
3536
919
3202
487
1788
310
8
1363
1817
481
491
4951
468
210
483
3640
1799
1849
2882
211
2731
1045
60
1428
3629
3001
805
3632
1872
265
4297
1855
1373
4138
972
481
333
633
1860
10
2997
3646
1301
2882
915
467
2021
801
476
708
471
2211
1802
7
560
944
5688
2994
3503
218
54
3646
818
763
2050
801
16
3736
593
1872
473
802
3199
5883
1218
4122
3490
299
1638
505
808
2481
812
266
3204
2
472
15
739
1428
468
4539
1353
488
1175
1289
223
784
1827
2294
214
209
1827
965
74
45
1631
1775
806
811
490
924
923
655
429
471
940
18
1821
1467
505
3203
3474
3678
1175
1872
820
2490
2784
1815
306
1278
295
40
560
846
852
972
534
763
593
45
19
599
5883
1874
3471
1814
1879
879
832
4297
1400
489
476
4122
306
5680
929
1047
1289
54
808
940
425
4235
230
2165
1818
4
1018
2394
938
1097
4539
1008
3196
2345
1928
829
238
1093
211
90
429
509
19
832
1925
860
474
772
5494
373
2348
747
5225
2731
245
3490
907
2638
2387
1203
593
233
808
213
1829
689
2302
2207
3206
3756
480
484
1301
425
1639
1373
794
4539
468
1014
1190
508
3881
3536
470
8
683
1278
3196
15
2882
2574
801
728
306
3719
633
779
540
1003
7
2994
4391
2731
916
209
225
1047
774
2394
4544
481
972
2294
333
747
508
2021
1966
848
1639
1818
857
1885
683
5680
429
333
70
5440
4235
1467
20
832
3474
915
1021
78
1799
3678
8
1771
90
2761
2486
784
823
812
91
1923
736
1814
2211
472
916
827
2207
2595
3199
929
3204
209
1501
3756
4138
2994
944
1810
1872
1773
265
4539
823
78
5494
425
835
2486
488
1227
490
256
2
1885
5688
739
333
214
5440
6
972
1218
299
846
1175
3204
1486
1374
819
238
74
1921
65
1802
472
1045
310
1818
471
1
2490
829
37
225
334
916
1786
1855
2350
550
2021
2761
473
483
3879
4565
795
1670
689
20
1373
40
805
213
1872
2481
781
214
275
944
806
4
489
2574
1966
299
1101
1400
1501
2484
5225
4138
2350
3640
1815
814
3199
210
2882
19
5680
1003
739
994
2165
805
2992
2302
1093
40
2
1340
310
4300
1802
1498
229
4
1799
1849
1829
1278
1373
474
2486
1860
72
5225
302
3001
1018
1203
74
3203
2595
45
938
233
1501
1021
3626
1879
60
213
373
1045
779
1817
2972
3756
521
2315
1002
467
40
2
1289
5494
994
54
3536
5225
37
1871
1771
1829
476
3199
3025
1860
2299
1400
938
972
211
1101
1794
1818
802
3632
777
832
2992
2302
3881
2297
2050
1855
593
812
5438
5883
1373
235
2165
70
5680
65
467
299
2761
3626
747
2992
1102
1874
1625
1775
213
5
590
708
8
4235
3202
3199
2211
72
4544
4539
19
334
5883
3745
534
295
275
1817
2
851
425
781
585
3881
1278
225
1101
1008
3536
1670
481
306
3716
5225
1639
4539
1831
3474
683
801
610
40
1487
736
4235
2638
3473
211
2731
6
91
812
18
851
212
1874
2315
1633
5688
814
835
794
218
929
811
550
489
40
5883
1018
846
1218
919
5219
610
1003
1487
835
1928
4196
74
233
1363
4951
490
3203
777
771
223
483
3
361
3206
938
334
1921
1552
5438
2165
15
3881
1829
310
1849
235
8
5225
2050
482
4235
940
1822
3196
3474
5219
1498
2294
655
1278
1872
1874
3473
774
1227
521
736
1008
2484
846
819
794
1373
1921
299
1799
3881
1860
19
1958
227
1203
1815
20
78
2638
1872
3879
1008
4196
2486
4
245
1400
794
470
306
655
509
1871
1353
3632
2058
1821
229
1278
265
5494
3206
429
802
4951
1925
20
302
15
467
70
1552
3716
756
505
633
1486
2490
682
3756
65
1093
3629
3199
1639
295
689
3474
20
1823
4235
728
1190
801
235
814
3207
78
3
91
540
4539
763
1203
2350
392
481
1301
5
1775
940
1003
299
919
2
2761
1640
5524
2972
2294
5225
827
302
2350
811
907
938
509
689
2481
1638
3196
213
1871
19
3629
1823
1879
860
209
3745
1872
4951
952
534
425
211
1831
18
467
3206
373
2486
3716
2050
1633
3671
521
1639
1341
472
214
852
811
2994
265
3626
484
509
302
490
812
1
802
814
3745
540
235
3640
1800
3671
851
1921
2992
593
1373
211
1487
3716
857
361
1047
534
481
2021
230
238
755
429
2050
1088
3756
302
2486
306
482
1639
771
772
5225
776
585
4235
275
214
1802
550
3474
361
3678
1190
238
72
2302
1958
1788
70
472
1800
802
2490
488
2994
5883
1822
2344
655
3719
310
4235
1827
209
6
728
1860
4196
3879
1175
2387
1014
1794
860
1047
1625
4565
3490
1498
2165
3745
818
2997
1467
218
7
476
3736
78
534
846
771
1633
812
2345
245
550
795
3474
940
560
4565
3001
924
4122
1831
2972
655
1817
1775
929
3016
8
827
210
3671
7
1670
683
771
852
1872
295
823
1018
715
856
2342
3
2994
1102
1002
482
2481
1373
2344
2050
1794
373
489
3503
771
1190
2211
5438
3756
1552
534
827
801
599
1925
1088
218
1829
491
1486
2481
3196
848
4297
879
16
2994
2523
823
794
2638
1289
2490
5680
1872
472
2997
4951
2972
470
2761
812
482
808
1794
256
505
508
852
210
938
429
787
534
929
5225
484
2394
90
1849
820
994
1021
3632
1289
4300
1227
468
3536
860
832
4
60
225
238
772
521
5680
4138
851
5438
2315
1088
801
70
1885
593
484
3881
275
3678
218
90
2992
4196
972
489
3879
682
588
2523
1428
3536
302
3646
3473
812
229
15
1855
860
907
471
1097
2294
467
879
590
4951
3626
851
771
213
3016
1799
1855
245
1818
468
823
1506
211
1487
230
1821
4544
78
102
715
655
1849
16
2350
2348
1467
2058
1638
487
4300
233
1190
1340
2050
473
210
2315
4196
784
3503
5524
3678
779
485
5225
655
1018
781
10
1670
3632
2481
480
310
209
4951
805
1872
1373
4391
3471
1633
3474
334
860
756
747
102
835
787
3202
832
230
265
1223
1831
91
5225
1428
1003
1190
814
1799
1885
3196
2211
2992
633
90
1218
560
2299
994
4300
1014
3202
3736
1849
801
1788
2207
295
3001
491
1872
487
1638
820
857
1958
3207
2165
2315
3203
1
480
3503
3719
233
483
214
1018
1093
1928
373
3671
2761
1203
1467
965
771
505
2484
1860
806
1486
736
2882
214
471
1670
37
812
1631
3471
2595
811
1966
1799
1002
2348
5440
4300
266
689
361
1921
633
1822
860
879
852
4391
3196
7
1093
2523
3016
534
4565
590
2302
1928
4138
1827
2207
306
1373
856
5225
3204
585
1771
835
846
1341
3678
102
1817
468
812
929
682
3716
2595
223
915
2784
1363
1773
295
1966
683
1552
3536
482
2345
682
972
1047
2484
1498
776
715
468
74
3881
1175
1794
72
295
1278
1928
747
2784
2490
812
4196
509
481
3
3629
472
1487
265
299
835
3646
429
1018
2021
245
1958
19
1966
1771
1921
10
1818
1363
3646
940
60
3204
1923
490
484
3719
4
1374
1640
3206
1088
915
811
2595
1047
19
6
299
505
473
3503
2882
1003
1289
15
1341
3736
823
715
1190
235
212
818
4951
2344
1771
1849
818
1640
550
1203
238
3632
4391
334
2882
846
944
1047
1400
1786
4235
808
1506
310
924
806
1855
856
1278
1788
1363
929
1874
2994
3206
2638
508
1670
1
3
5524
302
1923
736
2972
2523
4544
2315
829
45
487
1278
2299
3016
929
2165
916
1874
1827
5219
472
266
467
470
5688
1341
994
480
70
40
429
550
8
18
19
3671
1093
295
1102
5524
1003
802
1849
787
588
1373
3025
833
2165
4196
915
3471
2484
1921
1802
54
233
4235
1885
1773
471
3646
5
1218
2
5688
805
212
5225
491
1625
306
2294
3632
2387
2638
683
1786
1501
879
1278
852
4138
4951
490
833
823
655
5680
4539
3016
1218
781
473
972
965
474
3474
2394
1227
3204
377
373
2207
747
2342
689
1301
952
78
4391
1045
860
1788
2350
715
3196
852
223
755
229
3207
