291
179
311
178
88
273
274
276
277
80
291
179
311
178
88
273
274
276
277
80
291
179
311
178
88
273
274
276
277
80
291
179
311
178
88
273
274
276
277
80
291
179
311
178
88
273
274
276
277
80
291
179
311
178
88
273
274
276
277
80
291
179
311
178
88
273
274
276
277
80
291
179
311
178
88
273
274
276
277
80
291
179
311
178
88
273
274
276
277
80
291
179
311
178
88
273
274
276
277
80
291
179
311
178
88
273
274
276
277
80
291
179
311
178
88
273
274
276
277
80
291
179
311
178
88
273
274
276
277
80
291
179
311
178
88
273
274
276
277
80
291
179
311
178
88
273
274
276
277
80
291
179
311
178
88
273
274
276
277
80
291
179
311
178
88
273
274
276
277
80
291
179
311
178
88
273
274
276
277
80
291
179
311
178
88
273
274
276
277
80
291
179
311
178
88
273
274
276
277
80
291
179
311
178
88
273
274
276
277
80
291
179
311
178
88
273
274
276
277
80
291
179
311
178
88
273
274
276
277
80
291
179
311
178
88
273
274
276
277
80
291
179
311
178
88
273
274
276
277
80
291
179
311
178
88
273
274
276
277
80
291
179
311
178
88
273
274
276
277
80
291
179
311
178
88
273
274
276
277
80
291
179
311
178
88
273
274
276
277
80
291
179
311
178
88
273
274
276
277
80
291
179
311
178
88
273
274
276
277
80
291
179
311
178
88
273
274
276
277
80
291
179
311
178
88
273
274
276
277
80
291
179
311
178
88
273
274
276
277
80
291
179
311
178
88
273
274
276
277
80
291
179
311
178
88
273
274
276
277
80
291
179
311
178
88
273
274
276
277
80
291
179
311
178
88
273
274
276
277
80
291
179
311
178
88
273
274
276
277
80
291
179
311
178
88
273
274
276
277
80
291
179
311
178
88
273
274
276
277
80
291
179
311
178
88
273
274
276
277
80
291
179
311
178
88
273
274
276
277
80
291
179
311
178
88
273
274
276
277
80
291
179
311
178
88
273
274
276
277
80
291
179
311
178
88
273
274
276
277
80
291
179
311
178
88
273
274
276
277
80
291
179
311
178
88
273
274
276
277
80
291
179
311
178
88
273
274
276
277
80
291
179
311
178
88
273
274
276
277
80
