229
225
156
46
42
488
485
482
470
477
229
225
156
46
42
488
485
482
470
477
229
225
156
46
42
488
485
482
470
477
229
225
156
46
42
488
485
482
470
477
229
225
156
46
42
488
485
482
470
477
229
225
156
46
42
488
485
482
470
477
229
225
156
46
42
488
485
482
470
477
229
225
156
46
42
488
485
482
470
477
229
225
156
46
42
488
485
482
470
477
229
225
156
46
42
488
485
482
470
477
229
225
156
46
42
488
485
482
470
477
229
225
156
46
42
488
485
482
470
477
229
225
156
46
42
488
485
482
470
477
229
225
156
46
42
488
485
482
470
477
229
225
156
46
42
488
485
482
470
477
229
225
156
46
42
488
485
482
470
477
229
225
156
46
42
488
485
482
470
477
229
225
156
46
42
488
485
482
470
477
229
225
156
46
42
488
485
482
470
477
229
225
156
46
42
488
485
482
470
477
229
225
156
46
42
488
485
482
470
477
229
225
156
46
42
488
485
482
470
477
229
225
156
46
42
488
485
482
470
477
229
225
156
46
42
488
485
482
470
477
229
225
156
46
42
488
485
482
470
477
229
225
156
46
42
488
485
482
470
477
229
225
156
46
42
488
485
482
470
477
229
225
156
46
42
488
485
482
470
477
229
225
156
46
42
488
485
482
470
477
229
225
156
46
42
488
485
482
470
477
229
225
156
46
42
488
485
482
470
477
229
225
156
46
42
488
485
482
470
477
229
225
156
46
42
488
485
482
470
477
229
225
156
46
42
488
485
482
470
477
229
225
156
46
42
488
485
482
470
477
229
225
156
46
42
488
485
482
470
477
229
225
156
46
42
488
485
482
470
477
229
225
156
46
42
488
485
482
470
477
229
225
156
46
42
488
485
482
470
477
229
225
156
46
42
488
485
482
470
477
229
225
156
46
42
488
485
482
470
477
229
225
156
46
42
488
485
482
470
477
229
225
156
46
42
488
485
482
470
477
229
225
156
46
42
488
485
482
470
477
229
225
156
46
42
488
485
482
470
477
229
225
156
46
42
488
485
482
470
477
229
225
156
46
42
488
485
482
470
477
229
225
156
46
42
488
485
482
470
477
229
225
156
46
42
488
485
482
470
477
229
225
156
46
42
488
485
482
470
477
