3
170
61
255
189
4
165
223
10
40
3
170
61
255
189
4
165
223
10
40
3
170
61
255
189
4
165
223
10
40
3
170
61
255
189
4
165
223
10
40
3
170
61
255
189
4
165
223
10
40
3
170
61
255
189
4
165
223
10
40
3
170
61
255
189
4
165
223
10
40
3
170
61
255
189
4
165
223
10
40
3
170
61
255
189
4
165
223
10
40
3
170
61
255
189
4
165
223
10
40
3
170
61
255
189
4
165
223
10
40
3
170
61
255
189
4
165
223
10
40
3
170
61
255
189
4
165
223
10
40
3
170
61
255
189
4
165
223
10
40
3
170
61
255
189
4
165
223
10
40
3
170
61
255
189
4
165
223
10
40
3
170
61
255
189
4
165
223
10
40
3
170
61
255
189
4
165
223
10
40
3
170
61
255
189
4
165
223
10
40
3
170
61
255
189
4
165
223
10
40
3
170
61
255
189
4
165
223
10
40
3
170
61
255
189
4
165
223
10
40
3
170
61
255
189
4
165
223
10
40
3
170
61
255
189
4
165
223
10
40
3
170
61
255
189
4
165
223
10
40
3
170
61
255
189
4
165
223
10
40
3
170
61
255
189
4
165
223
10
40
3
170
61
255
189
4
165
223
10
40
3
170
61
255
189
4
165
223
10
40
3
170
61
255
189
4
165
223
10
40
3
170
61
255
189
4
165
223
10
40
3
170
61
255
189
4
165
223
10
40
3
170
61
255
189
4
165
223
10
40
3
170
61
255
189
4
165
223
10
40
3
170
61
255
189
4
165
223
10
40
3
170
61
255
189
4
165
223
10
40
3
170
61
255
189
4
165
223
10
40
3
170
61
255
189
4
165
223
10
40
3
170
61
255
189
4
165
223
10
40
3
170
61
255
189
4
165
223
10
40
3
170
61
255
189
4
165
223
10
40
3
170
61
255
189
4
165
223
10
40
3
170
61
255
189
4
165
223
10
40
3
170
61
255
189
4
165
223
10
40
3
170
61
255
189
4
165
223
10
40
3
170
61
255
189
4
165
223
10
40
3
170
61
255
189
4
165
223
10
40
3
170
61
255
189
4
165
223
10
40
3
170
61
255
189
4
165
223
10
40
3
170
61
255
189
4
165
223
10
40
