5
7
6
14
17
5
7
6
14
17
5
7
6
14
17
5
7
6
14
17
5
7
6
14
17
5
7
6
14
17
5
7
6
14
17
5
7
6
14
17
5
7
6
14
17
5
7
6
14
17
5
7
6
14
17
5
7
6
14
17
5
7
6
14
17
5
7
6
14
17
5
7
6
14
17
5
7
6
14
17
5
7
6
14
17
5
7
6
14
17
5
7
6
14
17
5
7
6
14
17
5
7
6
14
17
5
7
6
14
17
5
7
6
14
17
5
7
6
14
17
5
7
6
14
17
5
7
6
14
17
5
7
6
14
17
5
7
6
14
17
5
7
6
14
17
5
7
6
14
17
5
7
6
14
17
5
7
6
14
17
5
7
6
14
17
5
7
6
14
17
5
7
6
14
17
5
7
6
14
17
5
7
6
14
17
5
7
6
14
17
5
7
6
14
17
5
7
6
14
17
5
7
6
14
17
5
7
6
14
17
5
7
6
14
17
5
7
6
14
17
5
7
6
14
17
5
7
6
14
17
5
7
6
14
17
5
7
6
14
17
5
7
6
14
17
5
7
6
14
17
