404
357
473
131
260
474
478
431
126
285
404
357
473
131
260
474
478
431
126
285
404
357
473
131
260
474
478
431
126
285
404
357
473
131
260
474
478
431
126
285
404
357
473
131
260
474
478
431
126
285
404
357
473
131
260
474
478
431
126
285
404
357
473
131
260
474
478
431
126
285
404
357
473
131
260
474
478
431
126
285
404
357
473
131
260
474
478
431
126
285
404
357
473
131
260
474
478
431
126
285
404
357
473
131
260
474
478
431
126
285
404
357
473
131
260
474
478
431
126
285
404
357
473
131
260
474
478
431
126
285
404
357
473
131
260
474
478
431
126
285
404
357
473
131
260
474
478
431
126
285
404
357
473
131
260
474
478
431
126
285
404
357
473
131
260
474
478
431
126
285
404
357
473
131
260
474
478
431
126
285
404
357
473
131
260
474
478
431
126
285
404
357
473
131
260
474
478
431
126
285
404
357
473
131
260
474
478
431
126
285
404
357
473
131
260
474
478
431
126
285
404
357
473
131
260
474
478
431
126
285
404
357
473
131
260
474
478
431
126
285
404
357
473
131
260
474
478
431
126
285
404
357
473
131
260
474
478
431
126
285
404
357
473
131
260
474
478
431
126
285
404
357
473
131
260
474
478
431
126
285
404
357
473
131
260
474
478
431
126
285
404
357
473
131
260
474
478
431
126
285
404
357
473
131
260
474
478
431
126
285
404
357
473
131
260
474
478
431
126
285
404
357
473
131
260
474
478
431
126
285
404
357
473
131
260
474
478
431
126
285
404
357
473
131
260
474
478
431
126
285
404
357
473
131
260
474
478
431
126
285
404
357
473
131
260
474
478
431
126
285
404
357
473
131
260
474
478
431
126
285
404
357
473
131
260
474
478
431
126
285
404
357
473
131
260
474
478
431
126
285
404
357
473
131
260
474
478
431
126
285
404
357
473
131
260
474
478
431
126
285
404
357
473
131
260
474
478
431
126
285
404
357
473
131
260
474
478
431
126
285
404
357
473
131
260
474
478
431
126
285
404
357
473
131
260
474
478
431
126
285
404
357
473
131
260
474
478
431
126
285
404
357
473
131
260
474
478
431
126
285
404
357
473
131
260
474
478
431
126
285
404
357
473
131
260
474
478
431
126
285
