110
112
80
87
85
110
112
80
87
85
110
112
80
87
85
110
112
80
87
85
110
112
80
87
85
110
112
80
87
85
110
112
80
87
85
110
112
80
87
85
110
112
80
87
85
110
112
80
87
85
110
112
80
87
85
110
112
80
87
85
110
112
80
87
85
110
112
80
87
85
110
112
80
87
85
110
112
80
87
85
110
112
80
87
85
110
112
80
87
85
110
112
80
87
85
110
112
80
87
85
110
112
80
87
85
110
112
80
87
85
110
112
80
87
85
110
112
80
87
85
110
112
80
87
85
110
112
80
87
85
110
112
80
87
85
110
112
80
87
85
110
112
80
87
85
110
112
80
87
85
110
112
80
87
85
110
112
80
87
85
110
112
80
87
85
110
112
80
87
85
110
112
80
87
85
110
112
80
87
85
110
112
80
87
85
110
112
80
87
85
110
112
80
87
85
110
112
80
87
85
110
112
80
87
85
110
112
80
87
85
110
112
80
87
85
110
112
80
87
85
110
112
80
87
85
110
112
80
87
85
110
112
80
87
85
110
112
80
87
85
110
112
80
87
85
110
112
80
87
85
