727
724
605
603
958
81
489
486
483
477
727
724
605
603
958
81
489
486
483
477
727
724
605
603
958
81
489
486
483
477
727
724
605
603
958
81
489
486
483
477
727
724
605
603
958
81
489
486
483
477
727
724
605
603
958
81
489
486
483
477
727
724
605
603
958
81
489
486
483
477
727
724
605
603
958
81
489
486
483
477
727
724
605
603
958
81
489
486
483
477
727
724
605
603
958
81
489
486
483
477
727
724
605
603
958
81
489
486
483
477
727
724
605
603
958
81
489
486
483
477
727
724
605
603
958
81
489
486
483
477
727
724
605
603
958
81
489
486
483
477
727
724
605
603
958
81
489
486
483
477
727
724
605
603
958
81
489
486
483
477
727
724
605
603
958
81
489
486
483
477
727
724
605
603
958
81
489
486
483
477
727
724
605
603
958
81
489
486
483
477
727
724
605
603
958
81
489
486
483
477
727
724
605
603
958
81
489
486
483
477
727
724
605
603
958
81
489
486
483
477
727
724
605
603
958
81
489
486
483
477
727
724
605
603
958
81
489
486
483
477
727
724
605
603
958
81
489
486
483
477
727
724
605
603
958
81
489
486
483
477
727
724
605
603
958
81
489
486
483
477
727
724
605
603
958
81
489
486
483
477
727
724
605
603
958
81
489
486
483
477
727
724
605
603
958
81
489
486
483
477
727
724
605
603
958
81
489
486
483
477
727
724
605
603
958
81
489
486
483
477
727
724
605
603
958
81
489
486
483
477
727
724
605
603
958
81
489
486
483
477
727
724
605
603
958
81
489
486
483
477
727
724
605
603
958
81
489
486
483
477
727
724
605
603
958
81
489
486
483
477
727
724
605
603
958
81
489
486
483
477
727
724
605
603
958
81
489
486
483
477
727
724
605
603
958
81
489
486
483
477
727
724
605
603
958
81
489
486
483
477
727
724
605
603
958
81
489
486
483
477
727
724
605
603
958
81
489
486
483
477
727
724
605
603
958
81
489
486
483
477
727
724
605
603
958
81
489
486
483
477
727
724
605
603
958
81
489
486
483
477
727
724
605
603
958
81
489
486
483
477
727
724
605
603
958
81
489
486
483
477
727
724
605
603
958
81
489
486
483
477
727
724
605
603
958
81
489
486
483
477
