469
935
468
1111
1441
639
1560
870
1290
607
1711
1761
1803
98
470
1362
475
1865
1368
169
469
935
468
1111
1441
639
1560
870
1290
607
1711
1761
1803
98
470
1362
475
1865
1368
169
469
935
468
1111
1441
639
1560
870
1290
607
1711
1761
1803
98
470
1362
475
1865
1368
169
469
935
468
1111
1441
639
1560
870
1290
607
1711
1761
1803
98
470
1362
475
1865
1368
169
469
935
468
1111
1441
639
1560
870
1290
607
1711
1761
1803
98
470
1362
475
1865
1368
169
469
935
468
1111
1441
639
1560
870
1290
607
1711
1761
1803
98
470
1362
475
1865
1368
169
469
935
468
1111
1441
639
1560
870
1290
607
1711
1761
1803
98
470
1362
475
1865
1368
169
469
935
468
1111
1441
639
1560
870
1290
607
1711
1761
1803
98
470
1362
475
1865
1368
169
469
935
468
1111
1441
639
1560
870
1290
607
1711
1761
1803
98
470
1362
475
1865
1368
169
469
935
468
1111
1441
639
1560
870
1290
607
1711
1761
1803
98
470
1362
475
1865
1368
169
469
935
468
1111
1441
639
1560
870
1290
607
1711
1761
1803
98
470
1362
475
1865
1368
169
469
935
468
1111
1441
639
1560
870
1290
607
1711
1761
1803
98
470
1362
475
1865
1368
169
469
935
468
1111
1441
639
1560
870
1290
607
1711
1761
1803
98
470
1362
475
1865
1368
169
469
935
468
1111
1441
639
1560
870
1290
607
1711
1761
1803
98
470
1362
475
1865
1368
169
469
935
468
1111
1441
639
1560
870
1290
607
1711
1761
1803
98
470
1362
475
1865
1368
169
469
935
468
1111
1441
639
1560
870
1290
607
1711
1761
1803
98
470
1362
475
1865
1368
169
469
935
468
1111
1441
639
1560
870
1290
607
1711
1761
1803
98
470
1362
475
1865
1368
169
469
935
468
1111
1441
639
1560
870
1290
607
1711
1761
1803
98
470
1362
475
1865
1368
169
469
935
468
1111
1441
639
1560
870
1290
607
1711
1761
1803
98
470
1362
475
1865
1368
169
469
935
468
1111
1441
639
1560
870
1290
607
1711
1761
1803
98
470
1362
475
1865
1368
169
469
935
468
1111
1441
639
1560
870
1290
607
1711
1761
1803
98
470
1362
475
1865
1368
169
469
935
468
1111
1441
639
1560
870
1290
607
1711
1761
1803
98
470
1362
475
1865
1368
169
469
935
468
1111
1441
639
1560
870
1290
607
1711
1761
1803
98
470
1362
475
1865
1368
169
469
935
468
1111
1441
639
1560
870
1290
607
1711
1761
1803
98
470
1362
475
1865
1368
169
469
935
468
1111
1441
639
1560
870
1290
607
1711
1761
1803
98
470
1362
475
1865
1368
169
469
935
468
1111
1441
639
1560
870
1290
607
1711
1761
1803
98
470
1362
475
1865
1368
169
469
935
468
1111
1441
639
1560
870
1290
607
1711
1761
1803
98
470
1362
475
1865
1368
169
469
935
468
1111
1441
639
1560
870
1290
607
1711
1761
1803
98
470
1362
475
1865
1368
169
469
935
468
1111
1441
639
1560
870
1290
607
1711
1761
1803
98
470
1362
475
1865
1368
169
469
935
468
1111
1441
639
1560
870
1290
607
1711
1761
1803
98
470
1362
475
1865
1368
169
469
935
468
1111
1441
639
1560
870
1290
607
1711
1761
1803
98
470
1362
475
1865
1368
169
469
935
468
1111
1441
639
1560
870
1290
607
1711
1761
1803
98
470
1362
475
1865
1368
169
469
935
468
1111
1441
639
1560
870
1290
607
1711
1761
1803
98
470
1362
475
1865
1368
169
469
935
468
1111
1441
639
1560
870
1290
607
1711
1761
1803
98
470
1362
475
1865
1368
169
469
935
468
1111
1441
639
1560
870
1290
607
1711
1761
1803
98
470
1362
475
1865
1368
169
469
935
468
1111
1441
639
1560
870
1290
607
1711
1761
1803
98
470
1362
475
1865
1368
169
469
935
468
1111
1441
639
1560
870
1290
607
1711
1761
1803
98
470
1362
475
1865
1368
169
469
935
468
1111
1441
639
1560
870
1290
607
1711
1761
1803
98
470
1362
475
1865
1368
169
469
935
468
1111
1441
639
1560
870
1290
607
1711
1761
1803
98
470
1362
475
1865
1368
169
469
935
468
1111
1441
639
1560
870
1290
607
1711
1761
1803
98
470
1362
475
1865
1368
169
469
935
468
1111
1441
639
1560
870
1290
607
1711
1761
1803
98
470
1362
475
1865
1368
169
469
935
468
1111
1441
639
1560
870
1290
607
1711
1761
1803
98
470
1362
475
1865
1368
169
469
935
468
1111
1441
639
1560
870
1290
607
1711
1761
1803
98
470
1362
475
1865
1368
169
469
935
468
1111
1441
639
1560
870
1290
607
1711
1761
1803
98
470
1362
475
1865
1368
169
469
935
468
1111
1441
639
1560
870
1290
607
1711
1761
1803
98
470
1362
475
1865
1368
169
469
935
468
1111
1441
639
1560
870
1290
607
1711
1761
1803
98
470
1362
475
1865
1368
169
469
935
468
1111
1441
639
1560
870
1290
607
1711
1761
1803
98
470
1362
475
1865
1368
169
469
935
468
1111
1441
639
1560
870
1290
607
1711
1761
1803
98
470
1362
475
1865
1368
169
469
935
468
1111
1441
639
1560
870
1290
607
1711
1761
1803
98
470
1362
475
1865
1368
169
469
935
468
1111
1441
639
1560
870
1290
607
1711
1761
1803
98
470
1362
475
1865
1368
169
