3389
1248
3098
3638
3635
1888
3417
3390
3398
4466
947
4910
3628
4470
3571
3570
1748
2930
3796
1422
4645
2250
3177
1745
1741
1167
1299
1297
4395
478
3389
1248
3098
3638
3635
1888
3417
3390
3398
4466
947
4910
3628
4470
3571
3570
1748
2930
3796
1422
4645
2250
3177
1745
1741
1167
1299
1297
4395
478
3389
1248
3098
3638
3635
1888
3417
3390
3398
4466
947
4910
3628
4470
3571
3570
1748
2930
3796
1422
4645
2250
3177
1745
1741
1167
1299
1297
4395
478
3389
1248
3098
3638
3635
1888
3417
3390
3398
4466
947
4910
3628
4470
3571
3570
1748
2930
3796
1422
4645
2250
3177
1745
1741
1167
1299
1297
4395
478
3389
1248
3098
3638
3635
1888
3417
3390
3398
4466
947
4910
3628
4470
3571
3570
1748
2930
3796
1422
4645
2250
3177
1745
1741
1167
1299
1297
4395
478
3389
1248
3098
3638
3635
1888
3417
3390
3398
4466
947
4910
3628
4470
3571
3570
1748
2930
3796
1422
4645
2250
3177
1745
1741
1167
1299
1297
4395
478
3389
1248
3098
3638
3635
1888
3417
3390
3398
4466
947
4910
3628
4470
3571
3570
1748
2930
3796
1422
4645
2250
3177
1745
1741
1167
1299
1297
4395
478
3389
1248
3098
3638
3635
1888
3417
3390
3398
4466
947
4910
3628
4470
3571
3570
1748
2930
3796
1422
4645
2250
3177
1745
1741
1167
1299
1297
4395
478
3389
1248
3098
3638
3635
1888
3417
3390
3398
4466
947
4910
3628
4470
3571
3570
1748
2930
3796
1422
4645
2250
3177
1745
1741
1167
1299
1297
4395
478
3389
1248
3098
3638
3635
1888
3417
3390
3398
4466
947
4910
3628
4470
3571
3570
1748
2930
3796
1422
4645
2250
3177
1745
1741
1167
1299
1297
4395
478
3389
1248
3098
3638
3635
1888
3417
3390
3398
4466
947
4910
3628
4470
3571
3570
1748
2930
3796
1422
4645
2250
3177
1745
1741
1167
1299
1297
4395
478
3389
1248
3098
3638
3635
1888
3417
3390
3398
4466
947
4910
3628
4470
3571
3570
1748
2930
3796
1422
4645
2250
3177
1745
1741
1167
1299
1297
4395
478
3389
1248
3098
3638
3635
1888
3417
3390
3398
4466
947
4910
3628
4470
3571
3570
1748
2930
3796
1422
4645
2250
3177
1745
1741
1167
1299
1297
4395
478
3389
1248
3098
3638
3635
1888
3417
3390
3398
4466
947
4910
3628
4470
3571
3570
1748
2930
3796
1422
4645
2250
3177
1745
1741
1167
1299
1297
4395
478
3389
1248
3098
3638
3635
1888
3417
3390
3398
4466
947
4910
3628
4470
3571
3570
1748
2930
3796
1422
4645
2250
3177
1745
1741
1167
1299
1297
4395
478
3389
1248
3098
3638
3635
1888
3417
3390
3398
4466
947
4910
3628
4470
3571
3570
1748
2930
3796
1422
4645
2250
3177
1745
1741
1167
1299
1297
4395
478
3389
1248
3098
3638
3635
1888
3417
3390
3398
4466
947
4910
3628
4470
3571
3570
1748
2930
3796
1422
4645
2250
3177
1745
1741
1167
1299
1297
4395
478
3389
1248
3098
3638
3635
1888
3417
3390
3398
4466
947
4910
3628
4470
3571
3570
1748
2930
3796
1422
4645
2250
3177
1745
1741
1167
1299
1297
4395
478
3389
1248
3098
3638
3635
1888
3417
3390
3398
4466
947
4910
3628
4470
3571
3570
1748
2930
3796
1422
4645
2250
3177
1745
1741
1167
1299
1297
4395
478
3389
1248
3098
3638
3635
1888
3417
3390
3398
4466
947
4910
3628
4470
3571
3570
1748
2930
3796
1422
4645
2250
3177
1745
1741
1167
1299
1297
4395
478
3389
1248
3098
3638
3635
1888
3417
3390
3398
4466
947
4910
3628
4470
3571
3570
1748
2930
3796
1422
4645
2250
3177
1745
1741
1167
1299
1297
4395
478
3389
1248
3098
3638
3635
1888
3417
3390
3398
4466
947
4910
3628
4470
3571
3570
1748
2930
3796
1422
4645
2250
3177
1745
1741
1167
1299
1297
4395
478
3389
1248
3098
3638
3635
1888
3417
3390
3398
4466
947
4910
3628
4470
3571
3570
1748
2930
3796
1422
4645
2250
3177
1745
1741
1167
1299
1297
4395
478
3389
1248
3098
3638
3635
1888
3417
3390
3398
4466
947
4910
3628
4470
3571
3570
1748
2930
3796
1422
4645
2250
3177
1745
1741
1167
1299
1297
4395
478
3389
1248
3098
3638
3635
1888
3417
3390
3398
4466
947
4910
3628
4470
3571
3570
1748
2930
3796
1422
4645
2250
3177
1745
1741
1167
1299
1297
4395
478
3389
1248
3098
3638
3635
1888
3417
3390
3398
4466
947
4910
3628
4470
3571
3570
1748
2930
3796
1422
4645
2250
3177
1745
1741
1167
1299
1297
4395
478
3389
1248
3098
3638
3635
1888
3417
3390
3398
4466
947
4910
3628
4470
3571
3570
1748
2930
3796
1422
4645
2250
3177
1745
1741
1167
1299
1297
4395
478
3389
1248
3098
3638
3635
1888
3417
3390
3398
4466
947
4910
3628
4470
3571
3570
1748
2930
3796
1422
4645
2250
3177
1745
1741
1167
1299
1297
4395
478
3389
1248
3098
3638
3635
1888
3417
3390
3398
4466
947
4910
3628
4470
3571
3570
1748
2930
3796
1422
4645
2250
3177
1745
1741
1167
1299
1297
4395
478
3389
1248
3098
3638
3635
1888
3417
3390
3398
4466
947
4910
3628
4470
3571
3570
1748
2930
3796
1422
4645
2250
3177
1745
1741
1167
1299
1297
4395
478
3389
1248
3098
3638
3635
1888
3417
3390
3398
4466
947
4910
3628
4470
3571
3570
1748
2930
3796
1422
4645
2250
3177
1745
1741
1167
1299
1297
4395
478
3389
1248
3098
3638
3635
1888
3417
3390
3398
4466
947
4910
3628
4470
3571
3570
1748
2930
3796
1422
4645
2250
3177
1745
1741
1167
1299
1297
4395
478
3389
1248
3098
3638
3635
1888
3417
3390
3398
4466
947
4910
3628
4470
3571
3570
1748
2930
3796
1422
4645
2250
3177
1745
1741
1167
1299
1297
4395
478
3389
1248
3098
3638
3635
1888
3417
3390
3398
4466
947
4910
3628
4470
3571
3570
1748
2930
3796
1422
4645
2250
3177
1745
1741
1167
1299
1297
4395
478
3389
1248
3098
3638
3635
1888
3417
3390
3398
4466
947
4910
3628
4470
3571
3570
1748
2930
3796
1422
4645
2250
3177
1745
1741
1167
1299
1297
4395
478
3389
1248
3098
3638
3635
1888
3417
3390
3398
4466
947
4910
3628
4470
3571
3570
1748
2930
3796
1422
4645
2250
3177
1745
1741
1167
1299
1297
4395
478
3389
1248
3098
3638
3635
1888
3417
3390
3398
4466
947
4910
3628
4470
3571
3570
1748
2930
3796
1422
4645
2250
3177
1745
1741
1167
1299
1297
4395
478
3389
1248
3098
3638
3635
1888
3417
3390
3398
4466
947
4910
3628
4470
3571
3570
1748
2930
3796
1422
4645
2250
3177
1745
1741
1167
1299
1297
4395
478
3389
1248
3098
3638
3635
1888
3417
3390
3398
4466
947
4910
3628
4470
3571
3570
1748
2930
3796
1422
4645
2250
3177
1745
1741
1167
1299
1297
4395
478
3389
1248
3098
3638
3635
1888
3417
3390
3398
4466
947
4910
3628
4470
3571
3570
1748
2930
3796
1422
4645
2250
3177
1745
1741
1167
1299
1297
4395
478
3389
1248
3098
3638
3635
1888
3417
3390
3398
4466
947
4910
3628
4470
3571
3570
1748
2930
3796
1422
4645
2250
3177
1745
1741
1167
1299
1297
4395
478
3389
1248
3098
3638
3635
1888
3417
3390
3398
4466
947
4910
3628
4470
3571
3570
1748
2930
3796
1422
4645
2250
3177
1745
1741
1167
1299
1297
4395
478
3389
1248
3098
3638
3635
1888
3417
3390
3398
4466
947
4910
3628
4470
3571
3570
1748
2930
3796
1422
4645
2250
3177
1745
1741
1167
1299
1297
4395
478
3389
1248
3098
3638
3635
1888
3417
3390
3398
4466
947
4910
3628
4470
3571
3570
1748
2930
3796
1422
4645
2250
3177
1745
1741
1167
1299
1297
4395
478
3389
1248
3098
3638
3635
1888
3417
3390
3398
4466
947
4910
3628
4470
3571
3570
1748
2930
3796
1422
4645
2250
3177
1745
1741
1167
1299
1297
4395
478
3389
1248
3098
3638
3635
1888
3417
3390
3398
4466
947
4910
3628
4470
3571
3570
1748
2930
3796
1422
4645
2250
3177
1745
1741
1167
1299
1297
4395
478
3389
1248
3098
3638
3635
1888
3417
3390
3398
4466
947
4910
3628
4470
3571
3570
1748
2930
3796
1422
4645
2250
3177
1745
1741
1167
1299
1297
4395
478
3389
1248
3098
3638
3635
1888
3417
3390
3398
4466
947
4910
3628
4470
3571
3570
1748
2930
3796
1422
4645
2250
3177
1745
1741
1167
1299
1297
4395
478
3389
1248
3098
3638
3635
1888
3417
3390
3398
4466
947
4910
3628
4470
3571
3570
1748
2930
3796
1422
4645
2250
3177
1745
1741
1167
1299
1297
4395
478
3389
1248
3098
3638
3635
1888
3417
3390
3398
4466
947
4910
3628
4470
3571
3570
1748
2930
3796
1422
4645
2250
3177
1745
1741
1167
1299
1297
4395
478
