1718
5745
4418
3571
1203
5981
341
3997
6151
6155
4934
6342
961
4732
6794
2316
2317
2314
2312
5856
6720
5851
297
3771
3770
3776
274
4653
278
2687
4784
2558
4781
2264
406
2446
2189
6055
2175
7861
1718
5745
4418
3571
1203
5981
341
3997
6151
6155
4934
6342
961
4732
6794
2316
2317
2314
2312
5856
6720
5851
297
3771
3770
3776
274
4653
278
2687
4784
2558
4781
2264
406
2446
2189
6055
2175
7861
1718
5745
4418
3571
1203
5981
341
3997
6151
6155
4934
6342
961
4732
6794
2316
2317
2314
2312
5856
6720
5851
297
3771
3770
3776
274
4653
278
2687
4784
2558
4781
2264
406
2446
2189
6055
2175
7861
1718
5745
4418
3571
1203
5981
341
3997
6151
6155
4934
6342
961
4732
6794
2316
2317
2314
2312
5856
6720
5851
297
3771
3770
3776
274
4653
278
2687
4784
2558
4781
2264
406
2446
2189
6055
2175
7861
1718
5745
4418
3571
1203
5981
341
3997
6151
6155
4934
6342
961
4732
6794
2316
2317
2314
2312
5856
6720
5851
297
3771
3770
3776
274
4653
278
2687
4784
2558
4781
2264
406
2446
2189
6055
2175
7861
1718
5745
4418
3571
1203
5981
341
3997
6151
6155
4934
6342
961
4732
6794
2316
2317
2314
2312
5856
6720
5851
297
3771
3770
3776
274
4653
278
2687
4784
2558
4781
2264
406
2446
2189
6055
2175
7861
1718
5745
4418
3571
1203
5981
341
3997
6151
6155
4934
6342
961
4732
6794
2316
2317
2314
2312
5856
6720
5851
297
3771
3770
3776
274
4653
278
2687
4784
2558
4781
2264
406
2446
2189
6055
2175
7861
1718
5745
4418
3571
1203
5981
341
3997
6151
6155
4934
6342
961
4732
6794
2316
2317
2314
2312
5856
6720
5851
297
3771
3770
3776
274
4653
278
2687
4784
2558
4781
2264
406
2446
2189
6055
2175
7861
1718
5745
4418
3571
1203
5981
341
3997
6151
6155
4934
6342
961
4732
6794
2316
2317
2314
2312
5856
6720
5851
297
3771
3770
3776
274
4653
278
2687
4784
2558
4781
2264
406
2446
2189
6055
2175
7861
1718
5745
4418
3571
1203
5981
341
3997
6151
6155
4934
6342
961
4732
6794
2316
2317
2314
2312
5856
6720
5851
297
3771
3770
3776
274
4653
278
2687
4784
2558
4781
2264
406
2446
2189
6055
2175
7861
1718
5745
4418
3571
1203
5981
341
3997
6151
6155
4934
6342
961
4732
6794
2316
2317
2314
2312
5856
6720
5851
297
3771
3770
3776
274
4653
278
2687
4784
2558
4781
2264
406
2446
2189
6055
2175
7861
1718
5745
4418
3571
1203
5981
341
3997
6151
6155
4934
6342
961
4732
6794
2316
2317
2314
2312
5856
6720
5851
297
3771
3770
3776
274
4653
278
2687
4784
2558
4781
2264
406
2446
2189
6055
2175
7861
1718
5745
4418
3571
1203
5981
341
3997
6151
6155
4934
6342
961
4732
6794
2316
2317
2314
2312
5856
6720
5851
297
3771
3770
3776
274
4653
278
2687
4784
2558
4781
2264
406
2446
2189
6055
2175
7861
1718
5745
4418
3571
1203
5981
341
3997
6151
6155
4934
6342
961
4732
6794
2316
2317
2314
2312
5856
6720
5851
297
3771
3770
3776
274
4653
278
2687
4784
2558
4781
2264
406
2446
2189
6055
2175
7861
1718
5745
4418
3571
1203
5981
341
3997
6151
6155
4934
6342
961
4732
6794
2316
2317
2314
2312
5856
6720
5851
297
3771
3770
3776
274
4653
278
2687
4784
2558
4781
2264
406
2446
2189
6055
2175
7861
1718
5745
4418
3571
1203
5981
341
3997
6151
6155
4934
6342
961
4732
6794
2316
2317
2314
2312
5856
6720
5851
297
3771
3770
3776
274
4653
278
2687
4784
2558
4781
2264
406
2446
2189
6055
2175
7861
1718
5745
4418
3571
1203
5981
341
3997
6151
6155
4934
6342
961
4732
6794
2316
2317
2314
2312
5856
6720
5851
297
3771
3770
3776
274
4653
278
2687
4784
2558
4781
2264
406
2446
2189
6055
2175
7861
1718
5745
4418
3571
1203
5981
341
3997
6151
6155
4934
6342
961
4732
6794
2316
2317
2314
2312
5856
6720
5851
297
3771
3770
3776
274
4653
278
2687
4784
2558
4781
2264
406
2446
2189
6055
2175
7861
1718
5745
4418
3571
1203
5981
341
3997
6151
6155
4934
6342
961
4732
6794
2316
2317
2314
2312
5856
6720
5851
297
3771
3770
3776
274
4653
278
2687
4784
2558
4781
2264
406
2446
2189
6055
2175
7861
1718
5745
4418
3571
1203
5981
341
3997
6151
6155
4934
6342
961
4732
6794
2316
2317
2314
2312
5856
6720
5851
297
3771
3770
3776
274
4653
278
2687
4784
2558
4781
2264
406
2446
2189
6055
2175
7861
1718
5745
4418
3571
1203
5981
341
3997
6151
6155
4934
6342
961
4732
6794
2316
2317
2314
2312
5856
6720
5851
297
3771
3770
3776
274
4653
278
2687
4784
2558
4781
2264
406
2446
2189
6055
2175
7861
1718
5745
4418
3571
1203
5981
341
3997
6151
6155
4934
6342
961
4732
6794
2316
2317
2314
2312
5856
6720
5851
297
3771
3770
3776
274
4653
278
2687
4784
2558
4781
2264
406
2446
2189
6055
2175
7861
1718
5745
4418
3571
1203
5981
341
3997
6151
6155
4934
6342
961
4732
6794
2316
2317
2314
2312
5856
6720
5851
297
3771
3770
3776
274
4653
278
2687
4784
2558
4781
2264
406
2446
2189
6055
2175
7861
1718
5745
4418
3571
1203
5981
341
3997
6151
6155
4934
6342
961
4732
6794
2316
2317
2314
2312
5856
6720
5851
297
3771
3770
3776
274
4653
278
2687
4784
2558
4781
2264
406
2446
2189
6055
2175
7861
1718
5745
4418
3571
1203
5981
341
3997
6151
6155
4934
6342
961
4732
6794
2316
2317
2314
2312
5856
6720
5851
297
3771
3770
3776
274
4653
278
2687
4784
2558
4781
2264
406
2446
2189
6055
2175
7861
1718
5745
4418
3571
1203
5981
341
3997
6151
6155
4934
6342
961
4732
6794
2316
2317
2314
2312
5856
6720
5851
297
3771
3770
3776
274
4653
278
2687
4784
2558
4781
2264
406
2446
2189
6055
2175
7861
1718
5745
4418
3571
1203
5981
341
3997
6151
6155
4934
6342
961
4732
6794
2316
2317
2314
2312
5856
6720
5851
297
3771
3770
3776
274
4653
278
2687
4784
2558
4781
2264
406
2446
2189
6055
2175
7861
1718
5745
4418
3571
1203
5981
341
3997
6151
6155
4934
6342
961
4732
6794
2316
2317
2314
2312
5856
6720
5851
297
3771
3770
3776
274
4653
278
2687
4784
2558
4781
2264
406
2446
2189
6055
2175
7861
1718
5745
4418
3571
1203
5981
341
3997
6151
6155
4934
6342
961
4732
6794
2316
2317
2314
2312
5856
6720
5851
297
3771
3770
3776
274
4653
278
2687
4784
2558
4781
2264
406
2446
2189
6055
2175
7861
1718
5745
4418
3571
1203
5981
341
3997
6151
6155
4934
6342
961
4732
6794
2316
2317
2314
2312
5856
6720
5851
297
3771
3770
3776
274
4653
278
2687
4784
2558
4781
2264
406
2446
2189
6055
2175
7861
1718
5745
4418
3571
1203
5981
341
3997
6151
6155
4934
6342
961
4732
6794
2316
2317
2314
2312
5856
6720
5851
297
3771
3770
3776
274
4653
278
2687
4784
2558
4781
2264
406
2446
2189
6055
2175
7861
1718
5745
4418
3571
1203
5981
341
3997
6151
6155
4934
6342
961
4732
6794
2316
2317
2314
2312
5856
6720
5851
297
3771
3770
3776
274
4653
278
2687
4784
2558
4781
2264
406
2446
2189
6055
2175
7861
1718
5745
4418
3571
1203
5981
341
3997
6151
6155
4934
6342
961
4732
6794
2316
2317
2314
2312
5856
6720
5851
297
3771
3770
3776
274
4653
278
2687
4784
2558
4781
2264
406
2446
2189
6055
2175
7861
1718
5745
4418
3571
1203
5981
341
3997
6151
6155
4934
6342
961
4732
6794
2316
2317
2314
2312
5856
6720
5851
297
3771
3770
3776
274
4653
278
2687
4784
2558
4781
2264
406
2446
2189
6055
2175
7861
1718
5745
4418
3571
1203
5981
341
3997
6151
6155
4934
6342
961
4732
6794
2316
2317
2314
2312
5856
6720
5851
297
3771
3770
3776
274
4653
278
2687
4784
2558
4781
2264
406
2446
2189
6055
2175
7861
1718
5745
4418
3571
1203
5981
341
3997
6151
6155
4934
6342
961
4732
6794
2316
2317
2314
2312
5856
6720
5851
297
3771
3770
3776
274
4653
278
2687
4784
2558
4781
2264
406
2446
2189
6055
2175
7861
1718
5745
4418
3571
1203
5981
341
3997
6151
6155
4934
6342
961
4732
6794
2316
2317
2314
2312
5856
6720
5851
297
3771
3770
3776
274
4653
278
2687
4784
2558
4781
2264
406
2446
2189
6055
2175
7861
1718
5745
4418
3571
1203
5981
341
3997
6151
6155
4934
6342
961
4732
6794
2316
2317
2314
2312
5856
6720
5851
297
3771
3770
3776
274
4653
278
2687
4784
2558
4781
2264
406
2446
2189
6055
2175
7861
1718
5745
4418
3571
1203
5981
341
3997
6151
6155
4934
6342
961
4732
6794
2316
2317
2314
2312
5856
6720
5851
297
3771
3770
3776
274
4653
278
2687
4784
2558
4781
2264
406
2446
2189
6055
2175
7861
1718
5745
4418
3571
1203
5981
341
3997
6151
6155
4934
6342
961
4732
6794
2316
2317
2314
2312
5856
6720
5851
297
3771
3770
3776
274
4653
278
2687
4784
2558
4781
2264
406
2446
2189
6055
2175
7861
1718
5745
4418
3571
1203
5981
341
3997
6151
6155
4934
6342
961
4732
6794
2316
2317
2314
2312
5856
6720
5851
297
3771
3770
3776
274
4653
278
2687
4784
2558
4781
2264
406
2446
2189
6055
2175
7861
1718
5745
4418
3571
1203
5981
341
3997
6151
6155
4934
6342
961
4732
6794
2316
2317
2314
2312
5856
6720
5851
297
3771
3770
3776
274
4653
278
2687
4784
2558
4781
2264
406
2446
2189
6055
2175
7861
1718
5745
4418
3571
1203
5981
341
3997
6151
6155
4934
6342
961
4732
6794
2316
2317
2314
2312
5856
6720
5851
297
3771
3770
3776
274
4653
278
2687
4784
2558
4781
2264
406
2446
2189
6055
2175
7861
1718
5745
4418
3571
1203
5981
341
3997
6151
6155
4934
6342
961
4732
6794
2316
2317
2314
2312
5856
6720
5851
297
3771
3770
3776
274
4653
278
2687
4784
2558
4781
2264
406
2446
2189
6055
2175
7861
1718
5745
4418
3571
1203
5981
341
3997
6151
6155
4934
6342
961
4732
6794
2316
2317
2314
2312
5856
6720
5851
297
3771
3770
3776
274
4653
278
2687
4784
2558
4781
2264
406
2446
2189
6055
2175
7861
1718
5745
4418
3571
1203
5981
341
3997
6151
6155
4934
6342
961
4732
6794
2316
2317
2314
2312
5856
6720
5851
297
3771
3770
3776
274
4653
278
2687
4784
2558
4781
2264
406
2446
2189
6055
2175
7861
1718
5745
4418
3571
1203
5981
341
3997
6151
6155
4934
6342
961
4732
6794
2316
2317
2314
2312
5856
6720
5851
297
3771
3770
3776
274
4653
278
2687
4784
2558
4781
2264
406
2446
2189
6055
2175
7861
1718
5745
4418
3571
1203
5981
341
3997
6151
6155
4934
6342
961
4732
6794
2316
2317
2314
2312
5856
6720
5851
297
3771
3770
3776
274
4653
278
2687
4784
2558
4781
2264
406
2446
2189
6055
2175
7861
1718
5745
4418
3571
1203
5981
341
3997
6151
6155
4934
6342
961
4732
6794
2316
2317
2314
2312
5856
6720
5851
297
3771
3770
3776
274
4653
278
2687
4784
2558
4781
2264
406
2446
2189
6055
2175
7861
1718
5745
4418
3571
1203
5981
341
3997
6151
6155
4934
6342
961
4732
6794
2316
2317
2314
2312
5856
6720
5851
297
3771
3770
3776
274
4653
278
2687
4784
2558
4781
2264
406
2446
2189
6055
2175
7861
