43
40
41
11
23
13
21
43
3
41
33
13
11
21
3
13
33
43
11
21
21
11
40
43
41
43
21
13
40
11
33
21
11
30
13
41
3
11
23
33
23
3
21
40
33
23
21
3
40
41
21
33
11
30
13
11
21
43
40
30
41
33
11
40
3
40
21
43
3
23
23
13
30
11
21
30
13
40
23
21
11
13
23
40
41
13
3
23
43
21
33
13
11
30
43
3
33
11
41
23
23
3
33
30
13
40
30
33
13
21
41
30
13
23
11
33
40
13
41
21
40
3
11
33
43
13
21
30
40
3
43
13
30
41
11
21
13
11
23
3
23
30
41
13
21
41
11
21
3
13
30
43
13
23
40
30
40
21
13
41
43
21
41
13
23
40
23
30
21
13
11
40
23
33
13
41
33
3
21
43
21
33
40
13
3
40
33
13
41
21
33
11
40
21
13
13
23
30
40
21
13
43
3
30
41
33
3
13
30
11
13
41
23
40
30
41
30
3
23
43
13
43
3
41
33
40
30
43
11
13
21
23
40
13
11
30
11
21
3
41
43
40
30
33
13
41
30
43
21
11
