356
108
77
90
16
38
94
286
23
184
40
180
129
225
94
150
287
6
52
58
128
50
291
275
245
319
36
25
225
227
89
373
23
85
184
69
81
241
253
247
70
51
236
367
357
278
77
254
227
178
121
6
188
160
82
79
23
148
134
201
189
17
13
210
44
125
292
84
343
66
180
152
262
66
162
181
114
225
226
222
366
181
25
255
112
184
170
156
129
290
275
95
59
20
157
79
93
13
80
23
204
115
11
0
222
37
148
81
342
359
131
70
134
41
72
11
246
66
189
36
19
161
80
207
54
15
165
265
71
43
120
117
207
86
79
134
182
88
184
178
150
2
134
160
180
179
90
3
200
367
50
237
54
21
256
238
52
101
86
49
262
170
0
245
196
75
152
44
95
93
30
54
222
83
88
284
104
90
288
145
319
114
343
54
284
69
59
189
108
222
37
170
287
359
43
98
121
176
28
227
168
4
95
343
290
277
92
86
223
373
0
70
253
28
220
81
344
94
359
246
98
77
343
120
59
68
133
294
220
75
163
277
88
185
129
106
12
89
152
223
97
356
215
178
360
28
367
276
46
84
97
87
371
350
343
366
36
32
256
109
226
287
112
77
131
359
110
286
289
58
8
319
177
48
70
149
78
117
287
238
91
238
98
15
177
150
28
106
69
207
178
16
239
15
371
87
78
133
79
386
359
360
280
98
253
294
92
210
42
292
246
77
119
45
10
61
344
110
54
41
52
7
239
111
321
77
150
8
185
373
277
42
4
294
44
209
71
321
91
152
4
104
245
200
52
225
95
79
30
119
80
46
215
10
145
44
220
7
52
163
1
133
86
36
262
201
183
207
281
371
180
87
359
90
81
102
319
181
6
294
37
179
137
115
133
93
270
20
262
108
147
132
2
286
71
270
128
220
275
184
157
146
145
91
344
17
295
95
284
59
288
84
215
236
1
46
12
207
148
41
280
288
148
119
1
114
39
196
137
165
13
111
40
41
10
185
102
281
183
221
294
9
215
265
13
97
256
270
104
25
221
163
42
209
17
88
24
54
1
52
152
373
13
11
221
8
92
38
201
58
36
288
343
86
280
160
5
24
12
19
241
43
24
80
0
86
42
253
147
185
36
225
297
69
179
75
148
265
238
277
