174
74
11
4
140
124
32
80
76
16
15
9
83
115
98
140
78
111
72
15
72
34
52
8
91
52
36
53
117
85
92
65
166
148
8
57
1
8
16
129
4
56
78
0
21
115
74
167
26
70
107
54
16
15
23
71
11
10
162
36
69
28
103
114
93
90
117
9
112
13
8
3
54
114
122
20
54
70
26
7
112
79
130
2
9
18
89
101
116
162
19
5
79
50
166
133
20
19
0
29
8
23
0
16
38
3
50
38
120
53
60
32
103
174
167
130
25
29
121
120
11
168
92
79
115
74
11
5
65
135
7
111
71
101
88
28
7
56
20
38
9
18
53
6
65
83
78
14
174
75
104
166
117
111
60
30
85
167
19
14
37
71
116
65
28
7
6
38
5
117
38
36
111
6
20
33
79
80
50
113
5
107
148
53
11
27
76
93
74
162
93
14
91
32
60
74
119
112
33
73
3
4
107
56
114
25
19
107
15
70
125
92
117
174
3
69
78
103
73
89
3
8
50
88
148
56
90
20
7
168
8
88
119
60
19
85
115
5
135
25
148
70
76
30
125
162
10
65
20
70
