105
234
375
346
184
566
86
499
451
83
164
597
360
165
451
38
432
118
277
377
225
342
138
243
226
675
473
475
415
666
461
390
62
260
479
105
110
521
84
429
304
754
127
472
43
246
167
491
1
30
429
416
433
673
263
403
84
344
207
754
21
71
304
489
100
210
185
245
162
472
118
193
443
48
708
222
159
181
221
302
393
22
115
474
451
95
76
355
496
454
491
532
131
447
245
263
444
666
562
566
164
221
496
206
213
617
754
52
267
475
231
89
123
179
452
207
503
97
484
63
461
21
336
283
157
413
82
344
167
445
129
668
485
468
343
346
212
462
214
49
148
160
483
350
205
55
733
457
204
218
94
26
286
213
144
355
238
535
452
123
420
26
84
175
94
231
752
172
475
118
444
832
270
315
300
719
708
518
454
317
450
422
213
46
203
466
304
158
110
221
445
65
194
397
457
212
447
48
195
507
666
563
236
188
425
450
675
399
194
719
333
38
82
184
350
215
203
559
388
369
401
387
48
489
91
2
151
553
668
133
563
147
567
256
141
444
180
39
303
53
585
317
278
666
2
535
218
94
393
443
424
405
363
147
93
427
432
243
756
99
426
481
278
56
583
50
172
137
160
41
373
183
352
472
371
449
221
220
447
719
182
154
441
486
432
310
503
251
413
151
252
489
506
138
573
253
171
94
14
423
129
360
105
273
1
756
505
150
337
565
606
256
130
708
263
677
168
449
40
119
746
51
207
109
62
143
343
484
694
261
268
204
442
158
38
87
62
524
231
184
56
171
225
424
84
519
479
162
346
333
409
479
43
273
304
393
754
216
159
523
503
399
356
200
89
263
103
517
452
134
310
623
91
37
468
446
317
473
355
454
184
109
531
485
524
198
203
54
491
360
217
424
286
834
385
442
273
381
346
565
343
487
534
159
423
444
377
216
51
64
756
110
139
146
562
317
43
517
46
21
575
230
92
450
356
694
724
469
391
427
314
351
302
479
753
127
214
457
523
527
516
81
288
724
426
305
71
575
301
173
390
236
132
423
76
472
270
151
535
7
351
422
677
158
181
131
312
1
168
442
99
400
401
390
131
251
201
42
449
264
243
212
423
230
198
362
104
167
159
390
220
57
200
275
143
13
173
566
46
185
