240
637
779
1041
1495
972
514
793
218
777
426
815
59
272
708
833
753
555
118
1518
861
1229
138
226
887
240
327
443
1279
815
475
264
972
442
399
828
112
1184
746
275
1518
958
259
1293
623
1333
1071
1184
38
719
329
311
131
71
657
284
158
194
429
35
1307
245
239
283
817
1288
755
242
720
136
37
747
344
1424
1010
883
458
1018
637
556
151
555
760
53
1062
787
1184
18
546
777
607
853
344
212
968
36
394
588
817
587
733
267
786
1091
98
1341
112
181
526
172
715
514
329
635
443
303
774
45
360
807
112
146
891
814
111
768
877
1145
430
867
719
528
1314
1310
449
300
466
334
409
214
754
70
343
155
245
835
853
106
47
1068
847
372
371
349
420
628
552
353
968
1058
1518
505
1302
757
907
270
629
372
427
620
443
522
1519
304
795
1229
258
211
1314
144
394
622
827
896
868
916
505
798
965
167
1009
374
769
1378
657
1198
194
1093
425
822
808
214
228
188
458
136
359
1072
212
194
121
929
981
550
796
610
127
1440
157
323
574
467
961
174
650
651
428
200
457
223
270
218
744
869
88
427
609
132
446
271
311
215
334
1310
1384
118
53
267
243
596
745
929
1197
423
134
135
248
52
845
239
743
341
865
796
1092
425
791
106
705
104
968
650
366
47
34
176
434
670
807
294
300
1028
1013
603
1219
341
401
1089
591
1347
1310
1314
1209
959
164
105
1254
1353
864
140
156
457
1011
601
547
651
1395
1168
440
1007
1537
188
537
1281
195
39
403
823
782
868
224
1217
920
514
480
253
115
747
606
218
1092
43
241
208
981
877
509
762
705
1090
805
964
676
118
40
253
25
896
961
115
125
50
96
855
371
193
221
446
423
782
97
886
109
169
162
676
254
138
123
772
1030
223
794
535
209
1229
639
285
1355
59
326
399
166
772
555
473
142
296
907
1018
257
968
124
1310
1065
625
822
705
403
173
845
1424
979
467
459
293
1226
545
60
71
760
648
1154
1200
26
1521
358
68
206
577
1017
1010
175
64
824
762
1043
292
1168
554
125
1519
406
414
852
61
553
346
1143
19
206
797
32
751
731
858
504
430
154
458
760
1011
707
279
798
802
860
53
1521
648
1017
292
1293
121
1186
350
1252
965
419
107
240
1030
1424
304
791
47
183
111
103
164
1224
1519
89
234
468
171
464
719
181
1516
366
805
1059
776
291
175
515
214
545
604
864
774
1014
824
1243
138
464
274
1497
195
1229
165
127
456
1026
623
361
229
330
532
819
64
749
805
512
102
1383
843
151
730
465
752
1395
1018
896
96
762
132
438
154
180
1185
629
251
430
256
1154
235
818
961
790
865
398
277
712
1201
1273
808
172
288
644
894
1168
214
811
520
795
1476
755
55
1039
67
1383
683
19
179
809
258
20
359
27
1088
545
157
1332
743
576
326
746
790
167
1400
474
331
208
335
987
195
672
176
271
183
429
418
1245
1089
542
706
817
842
427
23
958
1018
755
1026
222
330
353
345
861
253
438
1475
35
887
286
509
1028
574
640
608
123
1424
913
213
284
1253
637
598
239
834
765
256
1310
221
526
52
1395
745
217
141
322
1181
1185
731
1160
1498
688
202
174
104
706
296
1138
294
254
1332
855
52
339
157
921
813
241
603
209
107
842
1155
599
817
1400
546
129
464
524
604
197
69
574
656
827
1525
63
374
302
300
36
809
823
1274
891
217
58
151
191
754
283
1056
1367
137
763
215
508
167
88
176
1378
475
152
901
263
1197
405
406
354
635
1218
412
649
18
853
874
92
677
665
409
577
550
257
70
372
504
639
288
184
1184
221
795
757
1476
1353
531
527
414
358
281
24
834
1219
244
456
228
712
762
785
61
51
550
356
401
45
428
1229
9
841
59
812
705
281
218
874
788
345
630
804
1189
597
329
629
258
248
803
1198
479
801
1347
132
139
607
91
877
107
177
406
343
838
683
924
24
66
835
215
803
1101
359
121
646
612
336
765
617
53
327
273
1015
519
1332
634
657
972
712
35
140
374
175
24
1016
410
889
413
215
293
279
464
639
361
730
129
1170
1068
1224
47
797
825
626
428
1254
1439
505
683
883
1062
441
765
521
1099
989
901
184
598
1201
867
551
116
1027
770
144
535
709
865
338
187
490
272
550
1516
844
746
1185
1311
425
724
590
599
164
485
535
404
300
237
407
1342
130
357
200
896
145
817
1181
484
708
76
1314
410
712
513
764
96
643
119
47
617
1091
837
346
1018
515
200
526
473
196
868
273
134
155
147
225
234
624
236
1253
146
710
121
484
783
407
959
191
772
620
1026
770
235
1245
463
745
523
1537
1012
772
223
592
907
342
184
1068
1497
132
719
546
133
921
632
105
624
104
810
504
217
1113
620
68
103
575
274
480
881
362
840
672
258
1088
117
124
754
434
273
