2219
1513
927
494
684
1961
628
259
2121
732
1615
1479
31
674
357
82
1502
737
976
464
1366
2251
754
724
2346
518
2121
755
133
2062
257
12
209
788
1088
676
694
706
1758
803
1033
742
428
829
118
287
575
671
422
728
244
33
2408
936
136
2251
2178
640
421
2212
298
140
1731
1982
805
696
341
1979
1954
851
683
43
1132
725
1648
663
1134
715
850
585
1982
685
312
772
1486
463
811
785
1701
2157
238
513
834
2455
2449
1553
2176
1890
1617
1071
990
1246
426
139
465
458
3292
597
766
1589
951
672
774
687
1233
742
1873
350
1378
1228
1132
470
754
428
1379
1204
480
2812
1855
373
889
517
108
1321
1734
981
1110
114
10
220
608
2126
1486
569
715
2409
674
1186
1699
77
618
990
1100
640
476
1114
765
1074
2303
1873
324
2163
929
1940
628
1231
1192
2046
1116
220
755
2490
1491
338
550
1105
2219
151
612
288
131
758
2490
1866
2247
627
738
1080
814
1121
313
619
2722
2566
305
288
350
2182
612
1230
1758
1553
882
510
644
975
239
460
296
305
1982
1172
17
2984
1730
555
446
769
1190
494
1297
584
1366
82
2128
2178
744
770
575
213
354
1081
628
927
2126
2346
31
2062
1578
221
1647
751
1246
463
803
982
1737
476
160
808
676
764
748
1377
2164
5
894
332
284
710
175
936
778
518
661
288
798
1954
2983
356
489
260
2572
2026
107
1125
267
1060
846
2031
426
1138
2073
719
510
625
759
709
1085
658
1368
1146
889
148
635
1125
1469
483
1066
469
615
660
24
444
5
120
1967
728
845
1033
350
797
1758
507
838
2053
214
313
338
2572
670
640
507
170
796
612
1116
290
808
2192
1090
1731
831
1815
2410
23
3321
778
244
1486
577
708
106
338
288
2607
151
726
676
130
221
1115
1382
431
758
17
371
2301
1730
1750
1186
1487
160
1829
681
2023
372
624
238
1228
774
411
1188
2161
1185
240
931
2572
589
206
209
272
1491
20
191
2452
958
483
2624
2723
940
1085
710
1576
77
596
2062
1125
74
1147
313
1036
685
750
1553
1555
1366
136
2379
624
357
1750
1391
257
779
1388
717
2186
1473
1706
611
1700
131
1075
89
105
2455
808
356
1940
505
842
446
1204
339
1070
993
545
2872
813
689
980
683
969
2317
968
2007
504
1066
2054
701
131
60
30
619
1082
1944
205
1389
240
976
832
827
1080
463
672
1647
1638
372
756
867
10
1730
129
448
671
926
982
243
725
1031
936
667
1
2026
1706
757
1117
2812
1146
1105
2607
1554
59
567
5
513
38
1585
259
148
613
2
724
632
1002
787
2265
2127
1197
931
21
2178
1871
2868
214
22
2282
617
1855
1699
635
579
1233
381
517
2722
618
1190
1700
2157
3331
970
1487
880
1253
595
256
332
2062
87
1758
773
260
443
2243
2723
1430
997
349
976
1556
1378
731
725
1409
750
239
1715
217
449
570
1975
427
695
1699
1992
834
766
506
2301
892
39
706
1734
23
3187
502
550
1033
2652
749
1484
1389
1002
313
427
834
1126
284
737
2409
763
1239
1982
599
976
147
1568
1228
808
1125
670
574
644
785
463
2031
27
2301
1138
975
1246
829
1316
613
827
2317
204
1382
775
733
153
1206
1219
664
679
505
1185
2062
795
457
951
118
1231
656
668
742
676
1192
890
823
2017
120
1706
170
2598
892
204
672
762
667
714
712
635
1348
1899
1219
518
243
1555
777
1120
352
1385
2159
87
1866
244
753
410
2317
1383
161
673
1399
2452
421
1967
145
238
133
1377
1578
284
461
625
450
719
168
768
1707
144
1701
1076
468
25
2984
733
29
779
860
1900
79
1940
1293
686
1114
660
2023
1755
1219
3292
664
1285
1070
1020
16
789
428
339
2317
771
1304
1484
785
738
1388
80
2157
1710
349
719
431
614
753
730
2176
170
667
1473
220
882
462
714
2301
256
1478
672
733
958
22
795
710
889
86
815
284
907
1871
1967
381
1197
110
803
1815
504
2033
1089
1873
168
675
364
178
2607
451
25
890
730
613
1204
612
1617
2176
729
2408
81
2053
119
778
958
885
787
588
510
74
1061
2409
651
987
2053
842
723
2212
905
1230
261
2178
422
244
2080
971
357
725
2
783
1644
2282
181
799
170
981
2046
1961
2209
161
936
415
2624
698
2056
1863
794
1036
994
2040
119
1809
1487
356
750
118
2251
880
1105
845
707
785
1815
863
1377
1486
1002
764
981
355
2490
1147
2317
506
506
983
111
936
60
2185
25
644
846
2367
73
2040
217
1866
1955
687
1730
114
845
890
763
1578
1366
74
1086
1147
1473
1325
742
134
1070
1554
550
504
1379
736
709
954
635
511
888
1138
1890
504
1483
936
130
572
59
444
221
588
2192
175
1767
701
1873
89
471
78
691
794
695
1399
2056
1125
1641
129
812
688
799
1710
113
1197
239
1066
83
846
657
711
1093
2040
146
696
288
2265
480
897
840
82
462
788
1398
1873
823
2452
243
427
289
676
1109
1954
2073
683
205
129
1146
1803
972
583
759
2031
1069
422
144
1979
577
769
880
313
1081
667
1122
494
24
803
468
2054
19
991
2009
218
2868
1257
624
1080
410
86
846
940
