4272
1732
2142
4094
4058
45
4665
958
815
453
3343
656
600
808
2794
332
1248
2138
571
2649
1617
479
2122
3167
3496
1289
2444
3728
643
772
853
340
2864
1650
35
713
2254
2372
946
850
741
714
2307
1755
562
1631
574
395
3317
2422
1233
762
24
5232
1882
429
1745
4555
808
3304
919
5529
2125
2784
667
837
2355
551
3728
3388
3421
120
94
1998
753
178
876
940
406
790
2725
333
577
1776
1948
131
851
387
4553
2449
1173
1496
307
1272
1202
2446
2265
29
2126
573
678
1226
2452
1842
2090
4664
2372
1271
226
1195
48
4188
828
1927
3167
730
982
999
1077
1259
3043
292
710
1368
1738
3525
1180
318
3985
3481
693
790
2055
923
279
2182
31
1832
3496
2101
1880
2154
1955
1025
2040
1712
180
1037
690
571
1041
64
774
523
1110
617
3817
292
2373
1747
1377
1089
1036
112
1950
1519
2542
1644
2462
1620
719
2663
2724
1263
2805
1363
232
2975
506
2933
3703
116
1703
328
85
2088
2629
578
543
1519
599
777
3167
4408
1126
2301
2102
1773
3514
2221
615
3298
716
1774
2109
1924
772
2365
2149
1078
1580
1324
537
330
946
3393
25
1181
735
1709
759
551
1276
1768
2444
1920
430
96
4813
190
1738
1949
9
2614
1842
1261
1958
4483
4404
287
939
2791
129
1642
1652
326
199
1918
87
421
788
1086
620
120
97
1262
2354
2087
2191
3325
1078
3076
790
1025
1955
1462
864
598
1580
617
2068
1593
1652
650
720
2651
26
697
2827
1785
2996
658
2111
3483
2191
646
632
3099
356
3097
2357
406
3994
2270
585
967
2292
4813
1274
1463
1620
2723
3499
697
2153
1007
3872
690
936
3325
3130
1952
747
1972
589
1249
4784
562
2649
110
709
2339
2838
1975
154
1970
693
2001
837
324
4395
864
543
3706
3655
604
94
575
121
1906
1998
958
967
1768
416
4094
523
1875
1366
98
5412
11
1089
770
2646
1167
828
1268
282
2121
3425
1397
1309
703
3459
2290
2422
2778
2531
1083
1272
1919
1786
3740
494
313
2355
154
781
316
196
977
2291
360
677
4410
3076
984
899
307
343
1964
146
4625
104
285
718
2157
2752
2670
2859
232
2122
1085
116
708
3661
581
1385
1094
3484
3095
177
2657
1747
112
4179
1370
488
2457
630
4790
1983
336
4555
2090
1524
535
154
197
644
1886
4784
4094
713
2134
2858
128
285
4211
2530
585
1929
1195
1842
1773
2776
2851
4659
418
276
566
3053
710
2790
258
789
1648
3134
563
2639
1375
1363
1395
2261
109
1366
1368
1013
854
649
1958
682
91
4527
1918
1007
2628
1378
1358
2897
4664
4483
225
2996
2296
3466
4045
2106
287
308
2063
2043
3685
999
1259
764
2752
919
3994
758
581
2878
2695
1252
206
3480
3038
3321
2257
776
200
1644
549
2338
654
2087
1265
2452
649
225
331
290
2728
2205
1616
762
616
2281
4309
718
13
755
4403
368
4663
683
488
647
1242
1524
5349
338
653
946
1952
1510
4188
709
626
397
2348
695
721
879
1784
439
1564
228
1844
1963
3639
4405
3167
5822
2036
492
26
2805
2858
1375
30
3575
263
759
900
4211
766
1703
714
132
201
2461
2282
942
78
1483
3483
1475
195
1015
2179
3143
1270
2227
3061
2532
4390
674
434
3994
1126
1886
590
3104
5349
2299
1169
76
96
2423
770
100
1076
2267
1909
1164
318
2170
1271
3879
4403
181
1324
341
3054
3019
680
3720
583
18
1369
1949
3321
743
680
1013
2464
714
3099
1774
4411
3702
4045
3298
942
2152
1513
3965
2101
1248
2114
483
740
1571
1875
355
2262
3478
2282
1066
162
990
4415
585
2725
367
832
5817
346
997
548
752
1743
1500
850
1483
1774
1664
4400
2281
1581
2963
2328
1492
1964
1248
2752
735
193
585
1635
1311
3134
77
1072
1790
182
778
1263
331
1773
1270
536
921
2806
743
583
1363
1353
2048
958
522
1954
832
2172
568
972
2089
81
2887
2271
3077
1927
4493
1458
876
1781
1259
2163
1755
87
1880
1518
3618
751
3695
1755
1104
2749
269
786
457
1564
2468
2354
3007
27
3130
3661
4458
413
901
1377
1034
703
3143
1297
2036
1748
1363
1843
5817
18
2977
3499
88
327
1067
935
2753
712
2127
403
2477
177
3325
3038
3088
787
1395
59
2162
1066
24
1089
1085
1764
2530
3492
17
564
4179
1863
2142
1955
747
179
1094
2996
533
569
482
3919
356
2644
1265
35
937
603
484
1763
1358
2210
1992
32
3110
20
306
3764
2725
1953
2864
1231
921
261
864
324
2267
714
1382
1739
1780
1470
2996
622
123
2094
159
178
1917
1966
764
1364
731
2154
2068
543
2206
665
3072
527
1478
506
2804
395
1017
45
696
193
2125
232
1775
5817
635
2643
1365
457
1836
192
591
2749
756
1842
1360
482
2051
1367
779
3953
508
5139
581
1944
1090
3582
1235
1262
3525
192
315
1353
693
826
3118
2359
2409
5137
2455
61
3706
781
2227
2530
3575
2173
1960
199
1041
413
438
849
1863
1285
1627
700
3088
2343
1956
490
671
493
613
15
3741
562
2790
3140
2449
1242
2808
368
710
1784
2531
662
32
3321
324
655
2335
1761
1830
815
386
87
700
1286
3597
2101
1300
730
484
325
923
1837
1316
1226
1716
3474
999
3876
2724
3097
327
97
187
483
1664
4188
2340
2266
5191
3368
781
2068
1162
2355
2091
582
1276
656
825
4010
455
900
2742
2256
614
1249
14
2163
2979
815
3576
2867
2172
2862
2164
703
3703
3095
4784
2258
4461
1261
1970
494
2977
1304
4400
4188
3470
12
2148
1892
4179
1831
3750
1701
1289
973
2121
3047
476
3126
2283
3325
389
5145
2111
693
1265
5822
3050
1094
508
156
1928
1249
504
48
3565
2833
73
1104
481
745
740
725
862
1070
392
1929
611
1565
410
487
580
984
1231
854
2294
630
1016
206
1916
1918
1956
3766
691
1645
2466
1784
1831
2265
1948
2450
1566
1739
2733
2343
339
2113
2852
1379
2453
78
1774
742
418
258
3913
613
2133
592
2310
853
3132
632
290
1880
4410
4400
1359
1007
958
341
2749
3994
734
3482
2116
114
352
2375
2956
912
2373
81
2262
1906
919
283
1875
1917
228
387
4790
808
3692
570
841
585
2791
1014
1729
584
850
2360
1259
766
329
307
752
1244
809
100
525
2205
662
4420
546
108
328
4446
197
3343
279
642
829
1571
2805
2858
2123
228
790
154
2833
2790
115
3687
2148
11
1580
2752
780
1385
294
2416
1676
2037
1987
2804
1885
3583
3167
2221
707
2542
44
403
232
1483
1991
2759
1983
2292
3919
2973
2091
730
726
1248
1966
4483
669
1041
416
1851
194
546
611
417
4706
116
1875
2134
91
2854
1164
3101
2336
2758
2462
3920
1033
2416
543
1500
4390
410
3061
564
5245
3167
2628
1259
613
1178
119
4392
2671
750
1645
1015
4310
1190
2448
526
508
2360
179
2450
4395
280
333
3593
1561
1962
1457
657
3093
647
849
506
2096
2290
1945
2752
3421
1391
4422
1716
625
1991
630
1092
3388
186
4461
758
696
283
2339
3343
1923
2803
947
2756
2037
1202
82
673
660
1755
1928
3686
3054
809
3019
198
4394
1406
582
1008
1202
615
327
2227
5145
104
485
2173
3920
434
403
1344
2462
544
1249
1976
96
1362
2039
862
339
73
1078
1506
668
2967
1265
32
3321
2996
4987
2813
1716
680
2723
3993
408
3478
303
764
1833
4399
2294
194
4391
1830
1081
453
1631
4415
725
2635
14
352
105
572
962
1094
3695
3766
1257
653
1524
578
1074
2468
1179
2206
3685
2164
764
636
1565
201
81
694
748
1764
1362
802
2878
313
1279
2036
397
3118
766
2614
3514
1076
1265
484
1363
979
981
664
3585
1950
3575
2156
622
4010
131
1478
1638
1379
48
1566
2357
294
3095
1570
2663
121
2313
97
785
5145
2085
2298
523
432
91
493
3663
1930
1367
82
4396
1268
999
1093
939
607
2164
1571
1091
1276
1736
1122
490
2733
488
1303
4409
945
1367
4405
228
2847
328
1566
1764
792
182
2635
367
2752
2776
285
2465
2114
2063
1906
754
565
2339
1920
3661
13
644
318
2094
901
2605
622
88
3593
508
2267
779
1871
1487
1576
1178
3322
76
109
564
2964
1917
675
1983
1953
1955
582
674
1943
829
2206
1231
725
2644
419
1369
1235
2967
3985
1265
779
678
3504
2858
4395
91
308
83
485
2040
632
2453
745
3582
772
1202
1580
336
2671
1067
715
3872
3078
2464
116
1169
1880
2354
3582
1759
1081
1252
2291
85
734
1833
3325
741
584
2065
4625
28
939
88
480
2294
2477
999
430
1566
1272
208
1085
719
393
331
3585
1581
2281
3474
1863
332
731
2872
2758
206
699
36
276
390
494
2157
2258
1970
2671
920
131
3525
2833
1467
87
716
154
2782
2796
1245
98
1645
734
604
2111
3919
2982
1518
1014
999
2090
1750
1274
395
276
626
338
2735
2133
738
1242
937
2657
959
1833
1181
316
1739
2253
29
582
1093
2227
1560
4094
708
3001
724
4704
535
1730
1069
5784
2182
2360
830
1761
203
607
313
179
408
2156
1711
1843
1578
617
1976
3845
61
527
924
307
293
3659
3123
2956
1465
939
919
2745
2086
38
773
1747
2126
567
1461
405
1078
1252
360
429
1360
2542
1743
1908
1840
279
1917
1492
577
2875
849
712
3639
724
1759
2150
2423
522
815
711
1954
4391
564
2362
83
493
649
2260
340
5232
1852
47
2409
5232
3661
487
1607
4045
2355
898
2629
1254
2120
410
1755
2838
2095
1948
803
724
328
383
232
483
2674
2135
3993
537
2113
1645
1905
2162
287
3703
5139
3480
