35
77
510
305
310
243
22
140
125
295
305
41
121
395
77
384
170
239
381
320
41
158
39
403
284
140
137
211
243
409
393
283
134
314
22
306
391
41
424
379
313
138
137
121
28
314
348
211
304
234
245
137
136
207
77
308
134
304
170
34
195
390
409
317
185
491
177
58
393
46
240
283
1
395
134
454
3
318
138
182
22
557
211
240
189
190
1
348
379
269
123
67
389
284
147
493
190
492
251
120
75
131
181
493
37
557
379
74
239
238
320
183
161
492
384
182
121
130
348
493
422
306
137
128
283
405
181
23
240
157
426
163
22
157
48
397
409
39
183
6
134
183
2
438
348
294
187
246
74
501
271
496
501
67
1
317
122
195
37
251
295
34
22
510
397
181
386
284
395
195
140
403
129
491
167
138
271
494
454
424
185
181
314
245
459
491
317
386
424
211
41
183
22
308
161
58
163
232
422
426
310
358
304
501
161
60
348
133
211
630
161
131
48
128
170
251
396
1
46
123
167
77
161
269
123
136
406
207
1
251
128
157
22
348
293
231
178
454
285
393
285
295
492
121
238
422
78
140
125
308
128
245
243
561
48
251
142
35
234
136
306
494
251
58
80
246
35
234
313
137
163
134
77
61
137
207
630
349
395
121
284
304
243
283
314
295
395
137
163
156
284
142
238
189
23
122
133
384
120
207
232
557
293
234
369
409
39
424
28
389
207
246
178
170
234
125
167
386
269
496
158
294
23
140
134
392
3
496
283
493
238
211
170
41
182
294
454
459
195
426
310
406
126
240
390
284
242
397
234
161
348
317
46
80
41
238
283
74
78
178
22
181
454
133
313
2
358
28
182
189
160
195
426
496
189
122
178
438
243
128
74
348
395
381
391
245
403
304
308
136
129
28
294
75
306
561
246
349
284
35
305
426
283
238
304
3
178
243
211
390
156
389
492
393
211
369
379
246
125
120
271
438
386
160
369
57
501
317
284
283
147
285
242
238
379
48
39
133
183
28
390
269
393
41
130
409
46
3
314
182
167
313
58
21
75
231
28
409
232
395
134
409
190
138
496
75
156
493
41
561
46
246
74
80
137
130
133
170
189
320
158
284
381
405
459
396
28
491
1
242
304
295
158
121
170
557
137
403
41
510
