233
494
122
320
314
139
493
5
240
211
561
397
139
491
304
129
179
453
142
125
493
283
462
211
186
127
126
491
294
195
35
283
190
180
438
1
392
454
80
422
34
391
133
496
405
561
239
392
161
180
133
454
305
311
161
138
559
462
314
57
391
389
304
462
77
123
245
238
231
163
392
128
561
125
35
234
161
426
246
187
57
396
560
240
186
187
422
319
179
67
58
41
492
128
123
46
190
390
3
207
304
163
239
129
187
123
306
381
269
127
58
496
160
48
561
129
6
158
397
308
396
160
159
234
349
239
240
121
138
306
161
409
243
182
207
304
136
160
394
313
156
186
396
46
492
181
126
381
121
369
349
409
187
305
560
559
390
189
129
281
142
161
41
501
306
406
369
304
424
565
492
142
178
21
140
186
246
170
493
454
390
319
136
493
311
384
406
156
77
21
438
185
159
211
231
560
389
233
313
60
158
60
390
41
22
1
294
246
234
133
320
137
406
409
496
491
6
293
123
34
127
231
182
304
142
60
397
67
184
287
233
58
238
157
142
311
184
443
281
240
396
35
28
129
181
243
313
421
397
390
122
243
406
313
409
242
348
185
179
163
231
182
561
393
32
35
187
170
239
46
67
251
186
180
283
311
496
127
239
182
122
207
139
381
121
142
462
80
492
1
284
123
34
6
251
384
2
320
186
269
393
281
121
139
138
161
560
130
127
305
394
127
493
246
28
179
35
348
232
6
381
438
454
491
2
443
406
207
293
424
121
392
389
246
46
181
182
120
293
2
34
48
233
80
179
319
396
46
187
123
349
231
443
287
58
240
304
238
251
21
462
178
125
180
21
57
251
157
293
287
77
233
490
240
348
74
438
493
156
138
161
156
122
293
231
183
242
46
269
207
32
1
136
60
125
459
185
560
490
170
251
80
405
462
438
157
320
239
207
140
462
454
58
5
121
120
41
443
195
240
492
142
397
287
120
281
557
319
161
348
393
304
490
179
281
48
320
494
443
125
127
77
348
142
560
239
491
138
424
58
125
185
494
438
186
48
138
157
180
313
139
157
138
293
22
35
120
5
181
34
358
159
37
181
245
234
58
424
454
396
1
293
140
181
142
443
493
157
129
37
189
492
565
242
41
211
1
314
494
281
