1
316
219
147
963
50
192
1203
259
682
814
67
596
56
897
677
888
143
940
137
7
1203
636
389
477
151
216
142
554
253
940
439
808
426
144
222
744
186
558
75
6
1360
253
192
479
446
636
186
447
808
260
966
136
556
940
441
77
392
426
315
888
401
582
55
643
1078
219
1360
1203
896
440
922
1125
496
322
906
262
499
643
144
84
269
389
384
223
897
76
666
123
1329
306
710
137
384
59
1329
55
663
896
218
894
436
922
901
663
585
2
59
73
324
876
1023
1125
808
187
154
135
994
590
428
556
698
812
305
259
794
101
496
68
590
599
324
959
682
393
441
563
814
668
51
80
149
940
58
791
897
258
786
909
707
62
313
386
139
944
142
905
123
164
685
153
581
65
596
1130
328
189
6
144
860
558
393
312
624
1123
72
224
78
604
794
744
89
135
57
889
166
691
593
922
259
259
328
808
444
144
581
310
317
242
593
556
80
52
136
922
164
175
677
1023
966
482
812
263
808
707
786
691
56
585
164
4
259
135
949
889
876
56
83
320
55
1063
263
424
808
183
269
876
426
212
50
70
724
581
585
894
428
2
744
316
668
596
441
786
73
785
947
219
583
446
707
322
311
144
604
177
680
881
69
437
261
881
1123
218
927
186
67
60
994
1347
224
949
724
174
436
698
261
439
1078
485
479
739
84
959
6
69
73
698
393
320
426
724
860
861
436
310
432
305
153
323
315
885
332
75
62
58
56
860
1329
67
944
554
558
927
593
966
1203
224
166
248
217
176
698
432
1078
74
153
403
166
241
244
681
791
949
434
966
685
75
66
243
392
941
71
596
335
934
587
149
78
1203
585
247
324
681
137
81
101
668
386
909
596
587
242
101
681
1329
306
440
151
175
76
50
485
972
320
894
141
994
217
556
84
5
680
794
262
881
258
424
496
80
563
178
5
390
808
386
383
223
84
268
229
141
187
391
685
889
556
739
81
312
317
229
401
604
562
312
672
184
922
136
707
71
66
68
244
385
482
79
1123
80
881
927
949
689
400
943
941
1203
85
251
563
244
77
83
153
339
69
170
139
949
50
223
5
166
436
930
222
312
163
724
403
229
558
791
581
677
7
1360
218
135
685
75
881
219
312
186
1360
136
317
241
142
320
62
165
136
78
485
81
916
73
79
