507
217
508
218
497
142
134
482
324
258
440
178
74
943
478
63
889
890
261
496
217
269
482
861
597
794
142
163
230
393
902
439
135
903
62
587
335
229
230
76
889
448
86
1023
217
55
447
3
145
52
392
2
223
904
217
927
70
814
239
666
66
916
165
55
610
166
144
154
316
739
316
590
69
385
81
58
218
172
181
253
624
1065
57
1130
277
141
937
903
269
248
499
896
581
895
508
792
1123
599
219
425
432
606
67
25
61
332
54
152
335
588
389
393
581
66
803
485
52
2
724
3
151
59
966
1123
63
2
425
312
624
1065
402
165
880
25
904
811
385
13
91
10
392
587
320
4
59
880
217
429
216
230
66
167
401
664
479
811
189
586
305
171
78
904
310
562
18
880
187
505
957
448
927
305
665
172
604
894
16
606
814
390
223
424
880
219
663
390
2
384
794
59
229
134
142
223
671
941
934
856
7
957
508
135
428
65
1023
588
477
70
178
1092
164
391
76
70
149
485
665
177
139
1078
483
927
883
922
18
151
145
324
315
814
12
402
386
894
592
77
63
508
383
390
904
401
710
222
212
508
916
429
664
7
16
5
895
85
425
59
51
666
903
610
609
916
671
136
794
599
440
189
286
251
909
963
811
432
70
175
224
710
11
320
405
194
16
889
604
667
7
390
5
1065
70
425
56
253
439
903
590
18
332
248
520
194
59
230
57
80
582
60
11
152
139
170
144
9
332
189
231
883
136
6
441
587
151
86
672
440
61
91
52
883
263
677
880
590
479
441
163
886
183
497
1360
263
402
880
957
52
320
3
9
624
586
883
151
6
739
885
587
856
966
599
222
505
147
588
10
483
400
405
62
610
909
803
610
1092
170
163
277
251
811
901
315
328
277
584
184
885
149
324
591
310
141
581
185
57
56
154
429
931
184
268
22
166
941
2
97
231
137
584
54
134
61
277
91
402
154
286
1
499
386
496
588
66
587
590
69
323
595
71
966
81
176
177
724
595
934
951
1065
889
55
340
905
880
1087
229
587
424
7
177
239
18
446
154
75
590
218
389
592
499
927
393
426
80
165
922
666
739
251
239
134
216
934
505
340
931
905
151
152
665
403
231
167
163
89
880
147
222
65
97
901
80
896
786
909
591
710
147
585
1360
136
385
