290
22
179
178
9
4
36
78
13
71
34
198
163
153
179
95
12
199
61
15
7
197
46
10
95
102
239
133
153
151
102
7
17
197
2
11
89
34
65
10
288
7
57
102
36
1
12
9
77
2
163
162
14
85
19
34
15
290
95
36
15
62
3
178
89
288
41
7
102
84
2
39
13
19
199
18
3
22
89
197
10
163
89
19
2
11
13
162
57
41
13
1
34
57
46
10
85
198
200
35
19
85
11
88
4
102
151
146
200
17
197
41
153
2
290
151
229
77
135
198
102
4
178
153
73
15
57
14
41
163
89
14
199
57
178
71
133
151
9
208
288
11
62
229
46
200
208
50
35
199
99
4
84
12
71
88
151
14
39
57
146
197
177
163
89
57
199
99
103
59
95
15
12
88
7
11
46
290
178
77
46
10
288
65
8
11
71
146
77
34
200
36
3
2
229
239
14
78
84
89
290
50
71
153
208
177
22
133
95
135
11
36
62
1
290
200
41
17
46
103
133
15
50
1
177
208
84
71
13
62
7
198
77
59
2
163
8
88
290
34
11
290
62
71
9
102
198
162
34
103
13
36
2
15
59
50
18
102
12
9
17
2
288
13
197
153
65
163
62
88
200
13
163
46
35
61
151
39
17
239
99
18
71
61
163
178
4
102
13
17
71
18
17
41
146
177
89
61
208
14
65
103
77
50
208
88
153
135
22
11
85
77
7
133
17
135
71
15
162
46
12
17
288
239
133
151
22
36
178
99
7
12
61
65
77
35
103
199
19
39
59
208
177
78
12
239
10
34
11
19
99
35
62
229
162
163
15
41
8
14
35
163
50
7
61
17
19
14
103
36
11
78
1
88
7
62
2
59
35
197
50
18
135
57
39
95
85
229
4
177
208
89
151
41
178
200
61
84
34
12
178
1
10
85
3
288
18
290
65
78
200
62
162
2
9
177
163
7
46
133
85
197
162
34
73
288
178
15
78
133
18
178
78
8
59
179
102
11
85
229
239
197
229
288
103
62
71
151
133
41
59
3
89
151
153
178
85
12
11
102
35
46
153
1
13
65
50
19
133
239
61
199
239
57
9
198
59
288
146
34
50
46
288
17
3
8
22
15
39
4
162
4
95
12
3
163
208
99
179
62
