137
254
95
87
135
251
200
39
241
94
34
8
96
146
163
137
110
102
254
153
39
319
198
183
34
231
87
36
103
178
146
34
73
163
283
220
99
61
7
319
103
102
179
73
91
135
99
39
35
96
229
220
199
254
251
61
179
73
283
133
198
152
177
84
137
96
8
178
110
2
1
83
73
39
228
103
254
231
3
84
244
14
229
73
2
83
40
146
100
34
4
283
100
199
103
251
110
39
3
200
4
8
199
36
35
103
39
135
61
91
94
151
283
152
4
95
13
229
198
319
178
93
163
151
83
177
34
36
91
251
152
7
96
35
137
61
93
241
102
178
177
96
89
228
241
34
200
2
100
220
1
133
153
100
83
62
244
39
178
183
87
99
200
183
198
163
208
162
36
218
34
88
4
218
183
231
61
93
152
135
1
14
162
99
95
283
228
220
177
229
183
162
40
93
91
13
199
88
133
36
146
99
319
162
152
73
220
103
244
39
110
95
83
162
220
244
134
100
62
133
319
110
2
102
198
83
135
88
93
99
102
62
283
13
110
220
36
319
133
91
89
35
34
134
146
103
73
40
36
4
14
96
88
83
89
153
133
241
61
244
83
99
162
152
91
36
8
199
134
183
200
183
93
40
218
319
83
91
73
7
229
100
163
228
218
3
62
199
99
134
36
178
34
199
319
13
7
62
177
100
61
1
35
283
134
151
39
110
100
88
1
40
133
218
179
229
35
199
14
110
134
220
208
8
4
95
100
228
162
177
87
40
2
228
88
153
39
94
35
231
162
319
1
87
228
135
231
83
151
96
254
151
100
200
95
96
1
137
146
179
137
319
14
3
133
153
228
88
162
96
162
102
200
34
283
183
241
1
91
61
40
198
61
8
177
88
163
4
110
39
13
36
39
220
1
218
163
244
100
87
231
8
39
200
254
4
229
102
13
3
319
36
13
199
91
94
244
96
3
14
135
87
99
89
35
244
7
84
2
93
100
134
3
177
319
241
2
218
8
7
3
134
153
99
178
133
7
88
137
34
134
110
153
283
177
103
200
133
39
218
34
162
87
218
99
96
84
2
177
102
183
137
83
199
94
208
153
88
102
73
179
254
95
163
218
89
153
99
88
34
319
88
73
95
133
200
135
179
40
283
