1036
148
1093
1030
303
1397
1038
1042
171
771
159
220
255
9
993
130
615
285
51
152
1036
771
152
1397
1030
159
51
173
615
220
1093
255
461
59
9
285
130
148
993
1042
285
51
1397
1042
255
1093
993
159
59
63
1038
930
771
1030
171
9
1036
220
148
303
930
59
51
255
148
993
1030
1042
9
1036
152
771
1093
303
615
1397
285
159
461
63
461
148
51
130
9
171
1093
1038
152
159
771
1030
615
930
993
303
255
285
59
1036
152
1093
1036
303
220
51
1038
9
63
59
993
285
130
1030
1042
1397
255
159
173
771
152
771
148
130
173
255
1397
1036
1042
930
171
993
303
1038
1093
1030
285
159
63
615
771
993
152
171
615
285
220
1042
9
173
148
59
51
1397
1038
930
1093
1036
159
130
303
615
285
1036
152
148
1093
1038
1030
255
461
63
173
51
930
993
1042
159
130
9
615
1030
173
148
171
1397
63
993
1042
159
930
9
303
1038
255
461
771
1093
59
51
1397
1093
1038
771
173
148
220
930
285
1036
303
171
461
1030
9
993
59
63
159
615
173
1093
159
1397
285
1030
148
152
303
1038
461
59
771
1042
130
255
9
171
993
930
285
1042
930
148
1030
130
1093
993
615
303
1036
159
1038
461
59
771
255
1397
51
152
51
1036
1397
130
159
173
59
152
1038
1093
1042
930
220
461
285
771
303
63
255
993
930
171
461
303
1030
59
1036
285
152
9
148
220
993
255
173
1042
51
1397
130
771
1030
59
285
148
1036
461
51
1042
220
152
159
930
303
615
173
771
1397
1038
255
130
461
615
303
1093
152
1036
171
9
930
1030
1397
51
173
59
1038
255
285
220
993
771
1397
993
159
148
171
130
771
220
1030
1042
1038
152
255
63
303
59
930
285
461
615
220
1036
1397
152
51
615
930
59
63
1093
1030
173
171
285
771
9
303
130
461
1038
159
220
1397
1030
152
993
51
461
303
173
615
255
130
1093
1042
1038
63
285
148
59
1093
1042
303
615
152
51
59
159
771
255
285
171
173
130
1030
461
1036
1397
63
993
159
51
930
615
171
303
1042
152
285
63
461
59
1030
173
771
1036
993
255
148
9
171
173
1042
148
130
159
285
771
63
1036
59
993
1093
1397
461
303
220
615
930
152
59
993
461
173
159
1036
303
9
285
1038
1093
51
63
1397
220
148
615
152
930
171
303
285
461
1397
130
173
159
930
63
1036
148
51
771
220
993
255
9
171
1038
152
615
255
1030
152
1042
171
148
51
993
930
159
1093
285
303
130
9
461
1397
1038
63
993
285
771
51
220
303
159
148
59
173
1397
9
171
1093
63
930
1030
615
461
152
152
1030
461
1038
51
1036
63
1397
171
1042
159
173
303
615
771
220
930
1093
130
59
63
771
930
9
615
130
303
1397
171
1093
152
1036
220
255
993
461
285
148
173
1030
303
255
1036
1042
173
148
1397
130
615
220
461
51
152
993
59
159
930
1093
285
63
771
1038
303
930
285
63
461
1397
615
152
1093
130
255
148
159
993
173
51
171
9
63
1036
993
771
59
159
1030
173
171
9
930
1093
255
461
1397
220
51
615
148
285
1030
1038
255
1036
63
159
171
1093
51
1397
303
152
59
130
615
461
9
1042
220
930
9
930
771
159
171
255
285
63
993
1093
1030
59
615
303
1038
1397
1036
173
220
152
303
771
1030
930
461
615
1038
1036
1093
130
173
1397
159
63
152
1042
220
51
993
59
173
148
9
255
1030
59
615
1397
771
993
1093
1042
1036
930
51
285
159
1038
63
220
615
993
930
285
173
1030
9
1042
159
1397
1038
51
255
303
771
63
59
148
220
130
173
1036
615
1042
159
993
1030
130
51
1397
220
461
171
255
1038
771
148
63
930
9
930
171
51
148
1397
1036
159
9
59
1038
461
771
303
1093
255
220
993
615
63
1030
1030
59
1038
220
930
63
285
51
152
173
159
9
171
615
130
148
1036
303
1093
993
615
173
1093
1397
993
1036
285
9
171
1030
63
51
1038
255
461
771
303
159
130
220
1093
173
303
1030
220
130
1036
993
461
930
9
1397
63
51
59
148
1038
171
159
152
59
615
930
461
159
1042
148
993
285
255
771
1093
303
171
51
63
152
1036
173
220
255
303
771
59
1038
130
285
993
615
171
1030
148
1042
173
1036
51
220
152
63
930
173
615
1030
1042
1038
285
303
159
1036
461
220
1397
152
9
1093
993
51
930
148
130
171
63
461
1397
148
255
59
993
1030
303
1036
771
930
152
159
1038
9
1042
1093
615
220
59
993
9
130
1042
615
930
63
1036
461
255
152
285
173
303
1038
1030
771
159
1038
59
1093
159
1397
220
993
1042
615
461
152
173
255
930
1036
51
1030
130
63
771
1030
255
303
1036
63
220
615
9
171
285
159
461
130
1397
1042
1038
51
1093
771
59
1038
59
152
1042
771
303
51
930
130
1036
993
159
1397
220
171
615
1093
285
173
148
