563
2523
814
1396
501
846
36
1707
3947
2520
869
873
1757
2821
51
194
70
658
2422
1889
509
292
525
2422
1206
527
2056
563
8
1824
658
1757
371
26
501
873
623
26
1779
65
65
26
1394
516
2422
1393
39
846
26
2056
710
522
2421
1707
846
446
1520
369
2821
8
1892
710
695
846
814
446
2261
710
26
710
1571
2422
2846
446
3479
873
1398
846
1520
369
501
658
869
1398
527
502
814
2656
846
3479
2399
9
70
39
2821
712
1432
712
501
36
2333
2812
1189
656
623
1707
3479
1398
2138
1432
3149
566
1526
563
2333
74
378
1933
1022
464
182
623
2810
2821
70
446
3721
3140
65
623
522
446
502
623
446
8
1521
3438
36
2821
712
182
2523
827
1398
2483
658
3171
2810
869
2523
371
182
369
623
452
3352
2483
623
70
2773
2056
5477
26
869
846
3958
525
194
524
2523
26
453
287
1707
1779
712
1892
36
503
369
8
194
1555
1685
846
527
509
9
1398
527
1022
846
1394
1801
2333
26
695
528
446
827
509
286
502
2056
827
446
70
2091
1311
1808
710
656
3479
502
1558
508
2483
3102
2333
378
814
869
446
2891
372
846
522
564
378
45
65
194
26
1398
710
1432
712
1432
1893
292
369
514
846
2812
712
292
369
26
1893
182
65
65
464
292
2812
511
8
3479
70
65
846
2807
814
502
563
378
8
1777
2520
873
2520
869
827
522
712
527
623
372
869
814
65
564
2520
1296
869
2683
2846
712
1892
65
369
814
2520
623
814
70
873
286
3438
1873
1707
292
8
45
656
536
1520
3352
710
869
508
525
1321
846
1893
658
2821
182
1685
446
70
1400
286
194
1296
2810
369
1300
501
2422
2056
2388
1779
712
3140
2422
942
846
378
620
869
2483
70
527
712
26
1521
814
2483
1398
656
3120
1757
1707
514
2520
369
26
846
194
8
286
846
70
869
2483
517
846
371
658
65
1394
2354
3075
2361
508
503
658
1127
292
1093
73
1534
522
710
2527
566
3075
1311
1521
292
1398
446
292
869
1870
2520
623
814
1393
712
2734
814
873
623
620
1558
369
194
3651
2810
3479
623
371
947
182
1757
1889
70
1432
563
70
869
372
2812
2056
2757
522
1394
446
846
292
501
45
527
1521
1892
1893
869
2734
3143
2483
371
522
3742
378
947
638
2821
846
26
502
1398
3958
563
2821
501
710
869
846
369
2333
287
1521
2810
194
665
2483
2056
26
194
2523
501
846
74
369
2447
70
65
522
710
710
2422
522
369
814
710
1558
453
369
814
501
514
70
369
2810
1785
563
524
