135
703
573
471
329
765
177
250
555
800
733
22
243
188
587
3
186
551
170
606
66
21
74
170
703
343
930
130
303
166
92
71
2
282
327
477
113
323
18
145
295
800
320
930
28
327
913
71
239
19
54
155
302
95
147
3
74
171
140
338
141
132
113
92
558
140
587
147
302
173
480
551
327
143
555
227
323
473
733
3
343
54
606
302
165
338
144
303
169
140
138
95
22
186
930
155
90
28
295
243
21
71
1
92
188
173
147
16
573
473
280
327
733
143
331
198
551
140
170
881
243
239
575
74
881
303
555
327
480
66
166
227
144
92
163
606
1192
302
101
177
98
739
74
177
294
141
930
250
175
551
881
171
16
214
727
138
184
101
113
6
66
558
471
109
138
101
473
134
100
338
140
177
327
54
16
113
575
173
239
141
153
3
145
138
489
320
132
480
334
280
163
2
331
250
6
140
485
165
22
113
188
555
18
90
302
473
913
930
303
109
130
2
19
238
145
471
138
703
153
143
343
109
243
155
101
471
166
227
742
727
2
18
334
71
54
716
881
1
250
21
3
239
822
471
299
1192
320
555
198
377
66
294
54
473
163
138
28
489
92
716
166
727
320
214
238
1192
171
294
185
343
109
155
173
331
282
327
98
2
573
163
185
166
575
1192
90
145
173
489
327
800
320
733
109
101
175
913
2
135
147
323
135
282
28
54
90
153
177
214
739
800
185
377
3
765
143
10
166
132
485
170
184
135
800
95
3
170
177
19
101
343
294
282
733
173
21
331
1192
606
238
485
575
155
171
480
477
238
331
98
66
10
334
703
250
170
302
243
320
1192
138
16
109
155
742
343
323
188
113
480
3
930
800
170
485
587
575
140
100
74
138
282
138
485
555
294
727
280
173
132
185
170
184
331
334
765
21
575
716
198
74
323
140
173
239
6
143
95
147
138
558
113
913
473
733
323
177
130
184
765
489
280
101
92
198
2
138
66
913
143
90
477
555
320
1192
54
188
250
716
100
302
295
238
138
727
186
147
573
98
739
184
320
101
227
171
155
587
765
716
132
141
151
703
171
188
573
343
109
238
144
765
302
558
239
95
19
173
229
733
329
250
227
555
155
485
132
299
100
739
822
1192
198
54
295
66
165
1
323
163
606
92
184
485
130
331
18
489
22
1
28
238
765
151
302
800
575
558
145
185
71
703
153
250
143
555
186
238
765
239
16
74
54
800
227
166
151
471
587
132
71
170
188
175
703
16
551
338
822
302
144
480
716
329
173
575
135
145
170
113
282
587
155
3
303
703
165
143
733
28
177
243
18
21
739
135
214
132
171
229
250
90
151
90
558
163
733
238
175
739
95
343
295
144
280
71
173
480
28
214
135
109
171
742
10
92
555
765
28
18
243
303
22
101
184
2
74
703
173
294
489
177
800
606
186
282
185
703
295
134
101
331
175
135
140
477
169
166
28
177
145
343
733
250
1
2
343
173
132
338
377
10
327
135
239
140
100
227
489
151
98
145
28
171
28
74
19
92
703
323
130
822
327
21
163
243
485
155
280
16
141
471
98
739
930
101
343
153
214
822
100
18
185
184
480
138
558
913
299
250
135
329
188
66
320
913
303
558
10
250
377
140
132
101
3
16
54
243
334
135
716
188
733
558
1192
485
28
606
144
323
320
477
280
143
471
739
166
331
173
243
913
90
555
143
134
175
151
331
144
28
238
250
320
169
186
299
184
10
22
329
173
54
18
238
558
1
703
134
323
377
166
28
177
198
165
295
109
163
143
90
186
303
334
138
173
66
22
703
2
1192
243
147
485
489
733
299
323
98
135
555
186
800
141
471
1192
109
2
98
155
733
280
881
22
294
198
74
227
19
100
243
377
214
54
727
377
881
323
2
320
913
28
101
173
21
143
66
175
90
132
489
198
151
329
90
95
144
800
485
727
155
100
765
881
575
238
138
21
10
185
229
134
739
377
331
101
343
98
716
295
239
250
742
22
145
66
294
6
141
282
138
134
173
377
299
173
881
109
140
3
2
822
143
471
21
489
138
477
558
54
703
913
100
188
471
489
151
250
299
822
141
480
166
2
587
575
6
165
302
135
703
331
343
800
21
930
323
170
143
113
238
551
54
140
343
147
703
295
186
822
485
3
22
155
489
140
473
320
113
1
144
299
10
175
6
733
132
19
913
295
587
147
558
302
250
188
930
822
163
739
1
303
299
153
98
147
138
165
489
177
480
320
473
74
280
138
130
163
473
153
606
555
90
98
323
166
299
147
334
6
573
329
170
822
