16
177
54
303
3
882
282
167
2
736
18
475
182
821
66
143
327
92
331
280
602
153
101
92
144
489
95
186
299
97
239
1024
573
802
169
736
334
137
177
145
73
573
327
192
294
92
135
1024
163
173
91
299
652
182
485
95
90
602
587
827
742
97
167
100
134
73
802
573
54
185
882
736
827
327
473
558
733
170
475
602
1024
135
6
323
185
54
377
163
141
488
555
480
145
171
2
97
475
100
331
182
198
166
323
192
652
239
742
173
606
214
138
182
587
135
153
98
95
73
71
800
282
54
198
144
170
100
334
186
736
18
320
140
16
173
137
214
742
97
297
323
185
144
1
2
377
16
214
170
299
137
297
147
490
480
606
188
238
221
6
54
137
299
169
733
573
153
735
214
101
100
802
2
475
91
473
602
92
329
166
282
280
141
294
652
827
323
239
490
113
92
297
188
575
573
165
185
184
153
101
299
827
98
297
299
151
473
490
329
97
100
6
733
165
377
138
144
90
1
701
705
54
473
91
6
555
135
551
138
137
143
733
140
3
71
573
95
827
480
1
471
377
238
139
170
101
95
130
1024
331
165
143
606
173
299
489
573
282
192
575
327
575
192
90
727
473
558
821
173
471
91
280
485
113
334
652
147
882
294
481
134
71
475
153
827
139
490
16
97
480
188
143
132
331
165
727
192
327
2
473
138
735
95
481
294
573
167
2
475
320
135
229
171
802
882
163
173
587
303
182
151
169
184
151
377
489
153
735
16
167
327
144
177
701
145
802
475
733
555
147
331
705
137
2
583
802
140
147
71
170
144
73
135
221
297
481
334
239
198
555
91
166
239
185
573
575
481
485
488
327
184
602
153
143
736
151
282
141
92
606
169
329
16
90
66
229
736
297
6
188
92
97
140
2
705
742
587
100
134
802
163
238
91
488
735
821
137
327
151
742
736
186
733
177
153
73
471
652
188
6
555
602
558
143
587
166
91
113
239
735
171
489
173
2
185
98
101
138
1024
727
6
145
481
558
480
101
141
297
134
182
132
490
165
16
827
214
198
485
239
473
143
16
66
282
101
280
821
132
54
192
329
294
137
182
488
135
331
171
489
113
473
144
153
299
132
323
1
471
489
551
329
139
137
238
6
573
188
2
145
167
652
320
140
170
602
171
652
297
188
18
100
282
485
90
143
186
153
66
558
1
475
113
473
151
329
98
489
485
323
800
327
471
827
188
320
652
166
147
135
91
377
475
735
177
144
137
587
98
551
54
139
163
1024
821
480
558
229
130
239
299
167
100
583
481
327
475
229
145
488
733
238
16
473
827
138
132
18
54
587
167
98
95
90
652
91
173
165
140
280
705
130
141
198
16
66
802
186
555
134
735
151
147
475
575
327
282
480
802
135
229
54
733
71
652
145
882
153
186
2
735
1
827
238
144
705
113
377
602
66
147
165
140
736
480
475
297
489
488
138
100
2
185
139
3
153
177
16
652
71
802
92
138
303
733
135
6
198
95
90
294
143
185
18
132
97
558
555
473
299
573
100
101
130
214
98
481
166
140
331
171
282
735
802
137
485
551
327
733
132
882
100
282
727
153
166
16
95
214
297
323
587
606
280
92
16
54
329
169
575
742
221
173
73
481
18
182
652
705
90
138
602
165
802
71
742
90
294
727
800
705
144
143
587
182
166
280
327
558
151
229
489
188
733
184
98
331
282
575
182
141
489
97
170
113
90
169
705
238
602
92
490
485
6
130
475
113
1
800
480
165
163
192
238
239
90
602
742
705
132
297
827
185
153
163
882
177
800
6
327
141
139
480
145
192
98
294
334
144
182
485
134
652
90
488
558
91
113
177
186
471
821
280
166
490
173
101
334
153
198
16
1024
705
587
377
1
727
100
132
480
97
327
134
736
475
170
282
144
323
186
165
280
101
327
132
6
100
558
169
98
182
151
320
329
163
71
573
575
92
473
66
701
140
147
185
802
184
294
221
186
555
71
329
166
282
587
800
18
736
92
742
551
113
802
490
186
377
16
71
551
165
177
134
100
558
701
90
166
602
198
583
66
475
18
705
802
167
473
147
186
113
485
95
100
471
166
165
71
587
145
733
6
134
481
606
165
238
137
742
583
821
802
2
471
282
551
130
167
294
188
480
147
135
473
1
489
95
143
480
165
16
282
173
377
327
733
132
113
488
184
18
141
184
587
238
166
177
558
143
602
170
16
551
73
294
71
90
733
282
113
303
821
151
214
188
733
138
238
742
331
602
882
185
485
334
18
54
3
329
280
163
735
