77
152
386
207
165
164
32
50
18
170
392
75
327
113
127
159
57
167
117
84
262
27
186
74
134
303
447
50
40
493
245
308
38
21
265
126
283
28
43
445
429
278
88
111
58
178
159
195
41
96
158
278
58
141
227
54
219
136
161
105
1
187
184
442
55
160
301
119
157
129
117
273
110
140
68
52
37
88
359
240
195
117
26
273
33
108
283
106
257
287
357
115
123
187
140
185
33
370
282
145
120
345
27
65
38
91
364
81
300
80
146
192
186
18
159
103
294
336
304
105
308
115
117
128
57
336
160
305
290
52
357
381
88
123
50
117
289
27
399
41
318
155
187
156
212
57
282
160
359
332
115
114
290
17
48
68
359
286
84
149
62
111
236
19
312
311
189
359
283
53
60
19
122
445
33
301
80
251
335
79
357
60
124
298
114
353
81
284
40
149
182
123
124
213
66
157
195
116
12
28
357
26
123
4
49
128
303
382
218
336
244
117
145
132
315
112
353
311
51
40
289
76
26
130
217
126
325
18
167
53
182
25
89
201
207
17
235
224
95
218
115
278
12
209
210
159
124
81
205
84
60
11
319
266
40
158
95
118
84
219
234
5
110
17
134
83
301
166
185
213
289
244
88
116
213
140
19
28
287
78
344
382
20
290
157
127
285
29
171
125
77
288
122
273
212
184
121
76
310
133
24
128
217
140
184
389
19
54
398
429
201
381
353
18
82
5
166
206
498
52
308
132
144
109
187
17
264
209
93
214
289
11
96
196
238
313
111
56
215
63
11
108
213
156
301
93
282
214
125
65
109
155
213
179
83
184
51
364
230
41
0
208
20
298
184
301
217
83
166
315
308
201
267
168
265
25
234
32
301
284
146
131
265
17
33
83
42
122
117
219
25
108
324
18
312
185
78
86
218
191
146
11
26
186
156
207
127
80
56
149
115
381
288
2
353
84
0
36
218
219
123
75
337
298
211
165
57
166
218
34
392
214
109
211
33
31
93
57
53
105
115
164
327
40
126
300
54
210
287
376
182
130
48
365
207
127
294
295
17
125
273
186
351
156
195
158
80
251
104
219
120
121
261
53
235
166
28
446
218
41
77
182
5
110
179
127
11
28
284
286
132
131
295
111
65
70
195
264
95
219
