9
117
268
125
262
128
103
92
192
332
75
294
265
131
337
30
42
108
193
284
132
320
318
111
66
17
103
19
86
230
25
320
273
168
229
324
158
238
237
331
121
130
185
367
103
224
331
225
98
149
24
98
202
168
21
17
200
7
238
136
15
288
180
267
10
164
186
185
142
361
121
75
38
187
283
55
337
304
284
291
299
323
131
64
239
90
73
224
42
149
133
261
202
186
112
82
279
292
152
286
151
121
273
156
30
55
103
328
45
53
120
59
157
228
9
334
188
205
359
149
151
25
320
26
184
226
283
180
203
232
133
60
38
137
141
70
295
56
268
98
263
185
318
134
54
328
30
172
104
163
25
152
110
49
337
149
173
31
193
192
386
262
88
273
21
324
200
230
232
149
182
88
202
168
72
113
278
237
405
232
270
122
116
397
117
128
45
13
104
85
256
93
26
239
197
191
269
42
231
7
133
132
168
127
82
73
188
23
86
162
151
34
180
273
137
38
223
277
256
199
268
273
143
128
69
236
224
231
287
163
245
262
45
7
8
82
367
139
92
300
114
108
16
469
187
112
49
325
180
232
320
130
73
110
134
91
141
106
107
136
151
114
88
73
262
183
129
49
256
67
177
199
143
66
244
128
83
328
141
222
114
89
155
275
125
103
30
284
104
21
120
61
181
326
187
17
281
388
205
128
133
458
180
324
23
91
197
348
44
104
151
245
202
210
179
67
234
285
256
172
151
10
318
168
239
126
69
197
86
148
71
179
228
19
18
287
106
172
254
143
88
64
243
17
191
236
223
294
104
163
159
74
73
66
228
388
326
211
19
193
414
121
247
469
262
55
47
170
232
332
164
107
124
275
127
9
55
172
335
87
25
8
66
228
177
103
185
106
53
10
26
468
66
325
158
328
185
348
269
136
91
181
469
154
243
19
280
294
233
291
182
271
130
73
275
66
70
111
337
230
133
164
272
202
89
17
324
19
129
131
458
11
13
124
301
223
168
236
303
42
182
245
320
12
318
325
46
224
228
231
271
319
295
173
23
134
256
228
191
122
244
405
238
154
265
150
234
235
225
335
243
323
259
397
339
229
54
199
44
110
98
124
204
70
159
191
278
256
107
53
323
288
15
432
67
164
103
111
56
42
