6
21
50
13
18
18
68
12
59
13
19
34
24
3
33
85
27
34
13
28
8
36
58
31
2
27
34
37
3
63
1
13
36
34
18
56
57
49
33
23
49
52
31
33
27
8
39
19
20
18
53
27
85
57
12
37
26
33
85
68
8
52
18
23
6
13
50
18
55
51
68
33
32
58
45
31
34
21
23
6
27
68
39
57
34
56
36
39
34
6
21
57
51
1
50
2
36
13
33
68
18
1
85
56
32
20
59
24
51
3
19
55
63
31
3
85
49
56
39
32
34
36
23
50
13
57
54
59
55
58
20
57
68
85
63
63
1
50
2
49
54
34
58
36
12
63
39
32
21
50
4
63
26
45
6
3
24
49
50
27
54
57
20
51
6
8
31
6
63
85
22
26
27
57
52
32
59
23
56
6
52
27
50
31
59
27
58
26
3
31
50
23
26
33
18
45
19
59
50
68
6
63
53
22
57
32
53
49
23
26
49
24
85
45
37
39
24
18
33
27
32
53
57
59
4
52
59
33
58
56
28
20
58
24
49
28
56
34
33
68
59
49
2
1
13
34
51
32
52
28
