386
105
161
101
437
441
28
182
133
195
149
162
301
73
298
538
127
394
16
61
172
15
465
298
661
36
31
183
166
21
282
228
99
381
246
508
310
61
422
467
790
328
272
466
405
520
534
662
164
564
158
331
599
130
169
52
81
233
589
243
287
661
68
34
340
123
166
415
521
149
220
164
381
538
332
101
431
132
247
268
130
65
211
167
31
216
411
71
281
327
142
244
128
114
486
508
268
262
56
404
597
88
328
13
244
595
59
622
248
188
138
313
80
417
11
148
315
392
508
229
408
145
56
62
337
63
303
131
538
442
381
251
530
519
418
357
555
521
280
467
327
52
299
280
520
404
595
301
121
416
298
67
242
156
282
148
510
589
73
53
70
293
519
242
278
274
391
220
234
137
519
422
86
121
58
448
481
188
251
401
85
52
13
183
598
286
527
3
293
442
100
211
417
438
109
368
183
287
622
155
158
16
303
10
51
67
88
190
236
4
287
279
110
386
1
120
597
51
216
76
236
593
75
221
130
522
454
309
391
507
400
24
416
103
249
486
84
547
155
41
437
701
275
166
142
124
73
356
28
520
527
599
422
436
273
395
91
188
19
216
596
98
659
327
149
303
556
201
56
589
441
310
35
162
411
520
56
109
600
262
481
289
385
106
302
61
127
407
244
405
118
389
21
384
701
201
275
236
220
302
36
290
333
163
663
125
116
712
602
439
352
564
122
17
622
120
64
129
142
19
112
386
61
21
790
759
34
63
400
442
595
163
109
383
22
337
68
128
332
34
588
417
603
408
309
313
362
556
334
288
426
145
76
22
404
442
288
292
431
103
437
368
59
421
342
525
126
160
586
286
57
91
153
154
357
436
593
61
112
708
277
267
282
530
13
369
596
270
135
138
299
333
311
305
267
6
519
75
66
251
62
128
103
386
291
556
520
418
588
708
113
282
85
3
123
596
401
229
167
598
417
303
247
387
405
286
588
134
156
362
278
712
522
268
438
361
103
49
92
14
24
109
381
400
527
88
211
51
3
405
134
28
386
168
431
268
12
132
227
266
547
362
602
441
122
120
438
154
20
152
132
113
201
244
261
197
622
404
39
290
31
840
381
12
508
368
249
98
708
69
602
1
589
148
65
85
228
598
391
372
