472
1107
54
73
546
507
994
464
872
278
591
246
142
836
844
662
506
1213
447
44
128
1379
1242
1378
883
1284
766
124
190
594
205
866
411
603
1066
48
1022
1298
154
1271
285
986
663
558
891
834
27
1379
807
96
14
13
1196
517
885
97
674
175
159
688
1383
279
669
41
150
595
473
160
411
1136
1108
410
212
162
170
558
1614
320
54
691
222
836
989
593
1208
228
795
1036
762
760
471
1066
610
403
530
54
152
1124
351
852
391
952
442
474
673
666
56
1319
725
988
1178
817
392
170
780
58
150
154
155
31
1064
760
278
16
1383
21
81
1157
694
870
799
33
373
1117
1108
465
229
213
608
612
528
1201
122
1271
291
46
140
1208
73
771
398
676
1074
26
370
517
279
989
496
217
429
246
431
158
760
1032
134
579
491
109
1005
171
100
809
351
20
1022
986
366
218
442
24
109
1127
775
75
671
46
842
823
194
1099
23
987
968
436
157
197
616
71
395
678
33
128
558
1337
994
1239
306
491
156
528
78
1062
593
488
800
1117
659
1379
483
205
993
175
494
817
1202
585
592
1281
59
160
1137
201
154
320
1204
674
770
888
493
599
629
1177
18
828
36
487
315
967
920
878
1339
863
835
472
1195
318
1492
1379
477
61
123
579
57
100
188
609
518
870
401
495
819
642
826
367
441
47
1066
659
1032
38
612
448
295
1135
1004
290
398
62
104
826
996
956
544
242
762
868
210
985
667
862
173
11
310
799
1281
96
97
480
819
653
952
285
30
985
168
397
581
596
305
723
586
867
286
769
20
82
529
834
103
1137
315
41
194
493
851
873
61
517
836
611
1099
594
603
320
473
96
597
1178
1327
351
180
414
810
219
17
152
1339
1337
679
610
303
485
154
626
27
290
596
1124
30
49
1379
466
96
604
615
1204
156
631
1379
558
725
1281
96
1204
1118
136
11
524
254
683
761
139
370
259
158
1402
1271
767
33
103
677
784
159
802
150
141
849
259
231
293
130
669
123
1374
1377
985
682
133
168
851
724
831
177
190
1378
181
843
998
949
611
438
52
664
426
165
513
684
968
762
525
832
12
80
245
98
20
52
170
1295
466
90
54
878
596
956
178
231
61
238
809
861
464
426
57
1257
837
225
105
1402
810
802
664
524
610
288
139
254
197
858
209
399
474
138
550
246
244
1156
230
130
37
701
165
628
612
38
1284
134
666
594
238
513
866
686
475
833
471
998
474
1157
201
150
671
642
684
285
144
1156
1383
986
813
305
1408
993
1195
395
463
278
155
17
32
1060
868
859
103
391
956
669
1100
245
469
691
794
515
61
312
186
513
711
15
985
13
616
839
664
18
34
172
830
701
80
175
82
1553
818
985
49
719
836
472
1447
223
883
866
704
20
625
403
882
209
121
403
1124
305
230
642
544
1199
849
168
1121
844
442
766
699
212
1204
448
598
517
952
622
551
493
774
283
678
825
525
150
967
827
47
609
420
1241
549
195
37
288
132
128
1258
872
866
950
181
187
987
1491
40
211
995
381
491
430
642
777
370
859
492
303
43
524
201
862
874
221
602
1284
601
1281
31
968
313
481
780
608
884
16
1020
1295
106
1258
521
172
43
71
52
493
390
1117
609
442
1004
982
1045
872
204
410
223
438
1525
402
171
386
98
920
1409
242
844
277
885
367
480
204
137
31
822
775
845
1417
833
441
123
1217
642
38
280
151
160
771
427
663
139
805
1264
842
1156
466
366
310
128
768
1157
512
491
1202
994
1030
831
485
100
21
465
401
818
858
659
36
471
51
661
485
1242
617
826
872
409
1204
357
478
989
699
426
211
1108
859
687
85
78
367
14
1136
883
1120
631
1295
599
407
608
281
482
174
222
176
57
512
144
211
321
513
138
768
672
16
21
1257
196
589
607
83
762
1341
711
982
852
1116
583
171
228
73
296
400
863
471
597
392
163
694
795
582
109
950
428
990
1089
1062
196
530
385
547
36
46
80
433
1447
130
280
581
659
949
1284
828
1383
558
784
502
817
218
234
411
400
676
398
418
469
392
165
1178
440
57
48
386
885
845
551
697
54
438
1379
420
419
30
286
725
884
178
660
202
197
447
137
205
1125
321
98
35
147
466
485
221
878
488
833
382
128
165
1066
800
990
687
989
61
583
225
679
913
985
545
289
448
773
594
1060
608
141
723
507
52
222
1124
589
1107
1271
950
259
97
868
278
14
83
1264
426
1340
464
105
421
867
601
169
497
515
197
137
109
668
625
15
794
1032
1060
913
152
137
1049
634
198
21
49
829
1100
467
231
494
988
691
399
1096
683
1217
493
1125
799
878
672
693
154
952
1135
477
1179
331
383
234
802
505
506
884
259
83
998
398
771
171
321
546
41
427
595
165
1036
497
310
603
1125
318
292
201
