841
1800
1775
14
2081
827
49
284
767
454
1401
9
357
545
2910
656
1183
1721
1075
1009
1552
269
725
582
1429
390
477
366
730
405
564
1084
392
1099
812
638
1079
446
1317
2044
1207
521
454
1067
1090
1273
2050
2303
795
924
40
2238
965
358
1091
604
1636
14
749
2488
184
1677
923
478
1033
1408
786
1877
485
1128
80
1779
806
2106
169
1280
1103
122
1263
2446
13
1524
1014
457
1843
2039
548
1709
893
1415
69
372
1779
1631
1325
1075
891
1158
274
472
384
907
1246
1263
588
983
1050
1070
1375
1933
1091
806
447
827
712
1541
2446
203
1383
1009
1133
711
489
695
1257
545
364
1267
975
615
1290
1534
69
1186
1233
2308
959
1272
1029
454
556
472
466
777
1670
642
1246
65
267
598
755
528
821
1171
2508
2039
804
445
1896
1264
391
1385
1684
559
593
903
1724
171
1206
1067
829
961
656
1524
596
659
888
719
4
755
732
1598
736
333
711
322
793
425
318
631
2910
705
83
356
2401
236
555
656
284
2443
446
611
413
772
1878
65
2146
1802
582
1398
1209
24
1033
718
923
1107
1277
118
676
1545
1489
1244
2760
2081
140
389
1123
826
274
2402
1684
184
189
2080
256
1225
1976
96
2106
1263
142
1540
2487
837
1556
19
1539
1326
1516
504
1704
373
269
1085
255
1163
742
15
169
1536
1374
2115
319
2771
410
777
1539
1840
812
1316
1640
1149
564
1719
588
385
21
1514
1315
1010
2786
230
168
785
407
925
639
1398
635
783
1724
1409
689
479
560
1879
749
476
1383
1619
513
1049
401
70
1896
551
90
326
366
548
166
406
1516
725
602
38
504
887
705
2253
813
466
691
404
627
299
2081
1
359
1576
1430
2238
379
525
776
1489
324
826
1277
413
1145
547
767
46
3106
543
2446
400
477
2361
893
457
671
635
1692
719
268
627
1207
1353
772
266
495
454
28
2292
1682
1423
375
1797
487
660
3
1547
766
473
564
2442
1
732
2
621
321
1275
1398
821
264
451
576
1091
1438
467
1703
767
389
2904
543
893
827
82
1429
38
1101
1494
2082
489
685
295
85
1549
631
728
1210
1441
121
1719
608
1090
617
1083
1398
2397
1584
593
1272
732
587
777
256
1776
780
1077
2168
1089
1275
1933
124
1083
564
69
318
783
1108
1340
2038
1723
411
1622
9
384
1130
808
398
1203
462
966
1321
85
83
1800
1182
779
1682
118
1183
691
1704
1077
819
1163
676
885
362
1345
577
398
2442
167
1403
212
695
2111
767
119
40
507
14
91
1680
1842
905
170
1492
792
1281
457
1556
705
930
395
1084
1103
621
1
1597
482
576
1068
1364
2080
380
1157
2893
1695
577
1111
90
691
1776
1708
2050
1190
437
786
38
142
117
161
634
407
1545
363
1544
1278
479
1325
2399
2369
477
374
389
20
2022
366
498
352
1885
1536
401
2303
1345
1556
13
6
263
370
1217
1069
1203
1408
284
229
1185
1843
1108
472
2369
125
465
74
782
901
1220
495
501
489
389
2308
685
488
1387
1954
786
1207
417
2179
10
140
593
272
466
1878
328
1719
1316
974
12
1344
376
1398
1415
637
393
873
443
792
1009
901
1287
30
2949
2039
706
547
557
241
1233
1659
410
1679
691
418
369
367
1158
1222
1182
10
1263
2910
1277
1225
470
1488
1157
1194
503
1721
708
614
77
364
974
428
504
229
1071
1405
1325
1797
375
1622
1669
1374
767
731
733
2106
1670
187
343
1085
393
1388
1171
966
1279
622
493
565
786
1123
366
689
1539
2478
1380
379
846
456
564
528
1076
875
1317
2949
112
1315
579
1353
1680
1405
1183
896
2080
1011
926
1954
1383
280
1338
1128
1724
543
392
1006
806
125
1280
1376
743
1679
507
2082
782
923
1670
592
495
1099
807
462
789
593
2754
555
1222
1878
562
794
229
987
1068
582
785
264
375
550
1724
1885
452
122
530
796
276
1181
1069
1721
1218
1631
1207
1977
601
1695
12
324
1367
1284
394
1014
787
276
141
2949
712
1255
598
1611
1570
2703
1489
732
792
1127
28
364
395
276
887
775
1514
891
2090
1011
454
617
627
1171
1186
1085
766
1423
381
736
157
1540
772
1005
354
189
299
1558
369
472
452
1598
168
525
590
677
379
543
625
466
819
1544
738
990
490
1779
395
1681
589
79
1075
676
328
142
1953
452
1670
684
987
1267
1009
1029
560
743
268
1434
2418
299
2306
145
3280
82
465
661
1075
548
1075
730
1514
358
787
78
1091
1953
926
749
1149
2080
576
1429
1954
800
2893
662
447
1404
1380
426
494
1281
1345
778
449
2292
1076
829
1083
1089
714
485
353
1067
2401
796
243
689
1540
551
785
931
50
466
385
1273
1537
1442
507
1556
169
700
280
1659
777
400
1516
272
826
661
550
1005
376
2115
372
649
558
239
451
1679
343
1683
302
392
1877
390
280
491
145
655
137
709
783
965
1708
1068
1219
2758
318
498
793
1802
1186
1274
1024
426
1636
1674
1636
17
239
887
492
1149
691
1015
1446
810
526
356
621
1272
1442
1494
2093
605
1774
1158
1708
1067
1021
611
1977
1233
1434
656
377
776
924
1271
1534
1181
161
580
1549
1287
499
1190
807
261
624
991
2238
1679
926
275
708
375
615
1494
794
1089
2093
738
1914
274
677
700
1719
819
1049
1976
426
1385
264
456
1739
1400
1263
50
2771
255
1683
1576
650
381
520
357
2369
621
590
767
784
893
2399
4
1708
462
1133
1401
1446
1083
929
482
367
1123
700
576
576
478
661
322
488
799
1253
326
397
464
811
1219
1107
1398
695
622
1247
504
1408
1339
1681
140
1773
841
373
261
1050
379
777
395
1589
975
68
1514
707
551
182
2758
497
528
1210
1549
1570
905
168
708
2404
156
647
2093
156
634
413
2157
773
847
445
67
1597
331
1615
446
355
487
1339
373
2194
1345
1584
829
2397
398
689
1704
38
386
984
1321
1774
501
333
846
77
16
117
1843
1423
243
1248
475
591
636
1683
321
1724
15
819
1207
901
168
551
1878
2308
931
901
1101
736
326
924
1544
1024
834
1889
1085
1446
1194
2771
555
363
1083
1423
1611
354
203
187
2090
1618
2253
79
1591
2786
961
352
1684
417
642
933
562
639
779
124
1274
256
631
794
1679
1386
48
482
702
1882
46
65
478
813
1157
50
1879
1133
1723
1090
264
1842
295
406
1186
547
579
1878
1669
1549
2369
1556
3280
668
428
322
705
1545
714
422
521
1496
554
1895
1405
1622
2177
426
2115
1914
1584
5
376
488
819
284
549
118
525
