148
1849
1716
2107
645
3237
1071
618
1390
202
152
126
1934
3543
2751
1309
6454
243
610
835
4276
976
332
1224
2363
1505
3204
1312
174
1932
3550
2206
4097
97
197
3191
200
6147
293
2835
3806
2233
6149
5863
3013
1736
4277
1523
377
3155
976
98
978
925
344
2933
916
300
313
2117
1263
228
354
1213
1685
3362
552
1389
4120
1505
4703
1511
110
1470
1400
2751
4087
1024
3527
1477
5383
213
1847
362
2823
4023
5618
3347
279
1151
2489
1368
4572
4613
1707
1888
1696
3661
1026
2079
87
566
3836
1211
956
1270
885
3362
5863
7632
798
3359
1213
2007
259
3976
530
2269
3325
2471
1008
6283
1626
877
215
1306
1010
3106
356
1367
2011
47
1013
1698
847
3350
1691
286
7614
7467
1239
115
270
174
1028
388
975
190
3341
1479
1300
1554
3790
858
1067
1672
2738
1211
5525
1023
3534
2757
3318
211
1487
4115
2997
4277
1973
2508
894
235
717
3351
925
2567
3776
3813
1296
174
2825
5362
4948
4863
253
900
106
881
2564
3836
3829
183
2635
1536
1075
126
2763
1507
3865
1367
677
974
2823
3796
2376
3848
1074
208
1767
702
1300
4323
13
1254
1277
3856
4619
179
1746
438
385
2535
3923
1474
1055
5377
3094
315
122
3343
1260
446
3811
3797
301
339
202
373
1374
4126
302
2527
3324
1353
2031
3653
174
4639
419
4971
3517
3572
4126
202
1636
2276
339
1390
861
1013
3019
1893
701
1316
3351
3239
425
2992
1423
5747
364
852
231
1232
2682
3797
1064
3108
1512
1214
4613
97
1815
687
3533
6134
5618
5101
2107
4346
359
5151
3362
1796
3781
5366
4739
3604
236
3050
467
1530
7
4097
1270
1952
198
213
566
1594
3142
422
2477
3687
461
225
3091
201
117
3865
3102
1158
482
2462
2376
1698
5380
3357
3189
3041
861
1780
375
112
94
2858
3619
2835
3355
51
1636
1403
5
1581
442
601
916
1102
1098
2505
993
855
2628
975
190
2594
2719
848
2756
2363
2483
213
2591
430
976
1355
4068
1768
2677
98
4108
4323
7
2564
1565
3800
4882
5426
483
1984
463
610
4277
2849
1093
5151
2635
4346
458
369
196
947
4331
340
3229
3923
1366
2169
5747
244
3861
2623
835
3622
483
848
3783
453
696
707
1609
347
363
3542
393
333
3839
3847
3862
1765
1536
606
2311
94
570
5226
3204
959
293
2023
1378
3797
1270
3338
1026
4863
432
4126
462
403
1067
337
3776
3560
3865
1801
1883
3345
3003
1064
3866
15
1561
1991
2477
314
4282
2450
2025
1301
1268
33
2363
406
1488
1765
2804
3817
1647
3309
192
3202
3362
723
2858
3866
3925
175
858
4503
2823
4331
1565
1377
5846
3564
154
3
1670
3398
1232
3776
286
1269
5841
2669
193
990
984
3190
3271
3508
1696
4260
3831
1368
703
2495
4138
3102
1013
3413
2757
585
1520
1312
3778
1749
3541
3386
1561
1530
1102
6149
340
353
1487
3861
2363
2361
3852
2721
3782
3988
1406
567
470
2276
1420
1670
853
440
877
1306
2755
460
3778
1064
1229
2715
468
1057
1443
215
1532
1716
175
1530
244
537
5158
3577
168
2997
3191
3856
3243
1920
1267
1384
1232
3202
201
4276
3561
3076
7614
753
3348
1262
1305
4331
2150
301
1765
171
3814
2173
5226
247
1026
1592
3549
1214
4741
3564
1520
528
220
1021
451
271
6134
3534
425
2280
1760
228
857
97
1075
2565
266
5377
1278
6126
690
2719
1211
1695
179
248
951
1742
587
2284
3004
1703
965
3231
420
1394
2713
974
3929
1906
2169
3004
1387
1512
2623
3976
1018
4106
2756
1866
1496
258
1279
241
704
3564
419
5380
2618
697
204
1028
1338
2255
4047
315
3568
1144
858
1687
947
847
1507
1853
368
3824
175
185
4103
1076
3056
957
2269
1479
1272
1286
5366
681
245
279
3142
1771
550
420
3108
1363
78
439
3823
4984
4257
2933
2664
270
2173
208
616
585
935
251
223
2468
2953
2933
3366
2280
3179
1796
5488
3380
3251
3803
434
834
1995
1364
246
1232
3349
5151
3190
6
375
2661
596
425
5244
4744
1688
3783
242
1537
716
2825
1698
430
1387
3155
370
1023
878
422
1742
465
251
7632
1790
1554
3826
596
2209
4703
5618
1673
952
2065
7614
170
5142
105
3619
225
446
2023
356
142
4665
935
15
2618
3626
2475
244
1028
166
1676
1585
3517
2553
270
5736
1881
1280
3561
377
596
1052
4572
3508
1405
4863
1305
3178
3832
3815
4115
1119
2755
990
1272
183
2833
4969
51
363
425
2564
3938
881
5101
296
204
2477
391
1932
219
1229
894
2763
4346
3533
4755
1039
2567
3831
3961
947
4885
3008
1732
5287
2363
467
1688
727
478
3318
894
1052
2548
3774
3836
1414
3622
4132
4109
687
3803
972
3225
4865
3710
1780
20
4755
405
6149
263
993
4120
3561
2744
745
1367
47
300
3108
230
1027
47
3
1366
626
1768
1537
3572
894
1676
1244
433
3849
292
4068
1709
2504
857
204
240
2508
4948
1984
1278
148
218
5158
2567
33
716
1796
439
1577
219
440
1811
1443
3683
951
916
3534
2814
258
170
1746
6134
2677
1856
3810
2668
2127
3102
241
200
1362
3243
4257
2756
1685
1275
3351
855
434
1639
993
1732
618
1507
2823
102
1647
5306
4504
2460
4068
162
5377
1214
2662
1378
3
333
861
1151
2858
716
587
2117
370
1952
3929
3600
1897
2719
3805
1579
1122
387
2849
1984
1474
171
2536
1051
335
230
1609
403
745
5426
2086
5479
2706
4703
4593
1505
3823
3346
320
1300
1537
727
292
383
4863
3003
2194
931
5841
225
1099
2689
3710
1767
175
3335
3864
3815
60
182
1996
1058
3901
3822
2623
1742
1394
1996
422
3161
785
363
252
1736
3239
1752
242
7467
2594
3634
1390
2715
2682
258
3812
3386
965
966
484
3142
3988
1215
1101
2462
142
601
3318
753
3836
3782
126
264
1209
1391
900
3861
3271
1746
1309
1067
465
119
3268
1272
6762
2361
253
366
170
3556
1636
1373
976
4199
1479
3619
24
2564
618
2701
1114
552
1229
834
1405
302
292
4047
1787
1101
1008
354
1291
2206
101
1076
4826
1552
3604
639
1581
3796
1585
1495
1378
3817
1709
1592
176
1556
2458
3341
3178
4223
3386
5145
4826
3
1913
625
3525
162
3563
1488
1487
900
245
1443
1736
51
1479
972
267
1707
329
1669
1803
4168
3517
2833
1505
485
2535
703
2825
3341
3534
1535
2675
13
194
152
1751
2284
916
1377
235
3357
3783
1151
643
187
1639
3347
2722
2814
117
479
3833
2386
357
2858
3826
603
1790
6021
275
1866
3309
201
248
596
2194
470
1937
617
4948
233
1505
2468
3672
1067
248
444
935
2623
5841
619
2636
1287
1860
267
1626
1244
1849
4755
3901
3094
3155
975
1229
2729
894
462
1389
2376
15
176
668
2665
323
5618
3836
851
454
170
3976
538
975
1373
2065
3822
3653
2476
804
1523
1796
1849
4163
354
1639
375
1881
2757
377
2280
3865
1229
6762
5158
1920
3202
3324
11
1028
2037
1387
853
1790
2623
2564
1310
3976
3549
446
1237
843
537
2839
4346
2731
365
1515
3107
3811
881
1552
4984
60
5506
3550
1716
959
3823
2751
681
1565
349
753
2311
3173
1277
6454
550
1670
1491
1296
1365
5863
721
1790
960
2623
1496
251
2715
3866
432
4041
2508
3634
3825
697
1367
398
121
3338
3861
7632
5158
3560
364
1254
2462
3857
2721
1267
3359
110
1992
1826
1488
3849
3251
1609
1691
4888
175
1058
878
3827
3800
875
4041
3805
1685
266
4560
2585
1406
538
3008
4326
2825
171
3189
194
2189
1057
2007
3835
3373
6149
851
3050
3346
3790
1742
102
4503
353
198
1973
1267
2495
3348
1374
234
3268
1636
4138
1336
5618
2489
1144
1793
169
984
406
1815
1098
2839
4739
2635
2745
2169
180
837
1856
1577
3173
430
405
197
956
2835
3091
4755
4022
719
420
2975
925
2344
2858
2401
966
220
3590
301
3373
1232
6454
470
353
321
349
171
931
804
1027
1678
960
1383
2311
1796
1815
241
2501
2662
3188
4582
3861
3155
2037
1961
978
1639
1390
5139
3626
957
3665
24
252
112
1866
3851
347
3360
3825
2814
3832
3556
7467
1746
727
702
333
2376
321
253
2252
3805
3544
618
126
2476
552
4703
1215
162
5362
1065
196
1004
46
260
426
292
3848
1328
814
3901
3782
3251
1262
1115
3811
1270
3925
4783
3560
213
3865
359
479
201
4862
6149
5142
2464
381
3784
1393
241
362
2590
3604
4103
306
3779
194
377
925
952
3
303
1512
1366
3373
345
4132
857
102
1860
62
116
1632
3936
1301
2471
2814
3976
4047
1380
171
1572
383
270
2713
112
202
3824
440
1151
5618
463
1707
2706
1374
5244
2905
2361
702
1859
193
1099
3332
1698
1736
1495
1310
271
208
1535
3380
381
211
3548
485
1001
2828
2849
434
4560
2009
966
1403
1626
610
1401
4260
470
960
62
2675
291
293
439
1920
197
2380
6149
3833
798
479
2636
4047
1272
3534
3864
2276
1213
453
5366
1703
332
3227
1210
1384
406
113
355
2127
1039
1594
172
2363
983
187
5244
3817
1737
2468
106
4199
753
1932
1511
1886
301
444
201
148
5226
3076
1814
377
2984
965
3562
853
370
2189
348
51
2553
844
3179
1115
1224
4971
1902
2564
257
2153
2007
2037
2757
1835
4168
1505
628
610
258
262
881
1229
1897
3243
1023
2663
1234
3325
208
5226
1009
1232
2721
1647
3333
1443
213
2992
1790
4223
1515
92
2719
110
3330
3188
217
878
2669
964
3413
3822
863
479
1843
375
2662
1065
2527
1406
4123
4199
1687
116
3159
5003
2032
3106
4237
423
4087
425
187
687
3976
1211
966
1932
1286
338
1263
439
4969
1060
4115
5488
201
3857
369
