154
159
269
705
834
271
375
116
122
264
105
585
98
616
183
762
403
70
263
108
769
774
493
163
261
132
616
628
590
379
1
614
111
834
764
380
81
153
154
591
113
296
739
616
73
153
98
802
183
127
154
769
122
195
276
585
83
158
842
768
73
774
584
842
590
490
99
785
566
153
591
111
585
1
283
768
127
106
110
263
153
71
195
274
76
403
77
269
106
774
787
802
970
276
122
79
93
88
83
155
85
159
785
504
1
403
92
183
401
842
271
69
71
769
116
127
628
153
195
802
278
113
116
127
28
159
264
705
296
274
785
584
802
76
276
834
271
764
195
842
274
92
590
407
401
67
70
88
161
375
284
1
380
153
785
263
273
186
764
78
768
271
616
101
119
85
490
628
174
296
785
88
591
802
158
294
28
403
153
970
157
153
105
493
98
590
595
154
834
970
110
705
379
628
127
159
155
101
769
401
379
739
69
276
595
76
490
728
493
77
263
111
383
109
88
73
108
153
284
802
357
785
132
109
78
116
764
269
284
584
77
380
192
93
119
407
273
69
183
834
271
375
132
106
970
78
769
728
93
70
842
357
504
141
108
110
762
88
294
83
705
98
296
274
159
802
28
71
785
155
379
277
108
122
154
659
77
263
157
403
70
274
403
111
283
707
284
264
271
379
970
659
108
769
504
296
278
110
592
163
99
357
375
707
195
154
79
774
659
764
566
106
113
92
277
768
628
119
785
159
592
403
834
157
616
842
153
67
69
276
595
122
195
127
101
585
161
768
490
71
83
774
296
195
81
628
116
707
127
79
283
108
174
490
122
192
585
163
566
584
183
271
116
276
106
357
132
273
154
785
79
595
591
401
728
263
110
407
277
587
163
186
105
132
403
380
99
595
585
269
98
273
154
591
614
157
1
158
71
271
774
119
970
278
628
375
357
105
616
263
98
195
383
590
127
183
296
785
283
192
271
294
174
141
153
67
183
261
283
585
787
383
296
584
591
88
158
78
195
113
73
590
278
119
842
787
197
158
264
277
705
707
153
403
99
269
183
195
764
155
119
109
407
504
101
122
76
769
274
73
401
70
197
764
705
375
163
595
161
158
158
111
728
83
276
93
113
493
73
141
659
774
628
92
970
119
161
77
614
764
271
158
707
98
106
659
28
380
109
590
628
834
401
127
276
83
186
970
403
141
707
584
566
842
113
141
774
399
264
769
109
595
161
28
159
375
274
764
271
122
141
375
73
628
122
595
728
98
659
614
109
276
157
159
762
768
273
707
93
504
585
834
401
73
108
1
769
659
70
380
197
71
183
264
106
595
584
774
93
78
127
584
98
81
274
77
93
159
764
383
769
271
109
153
83
71
566
595
99
73
79
105
73
85
186
28
296
787
99
197
273
269
802
707
277
163
81
764
762
78
271
155
108
81
88
195
834
153
401
403
70
584
764
261
105
161
116
590
739
614
99
101
105
106
728
785
183
153
116
174
70
493
83
490
92
71
93
159
380
768
277
379
294
375
591
153
197
67
159
403
768
141
401
78
1
587
157
585
490
85
399
274
707
92
106
401
705
263
79
174
284
269
768
119
78
403
802
375
283
88
403
379
99
296
659
493
111
383
380
155
707
119
127
101
284
264
186
71
109
141
590
192
284
762
277
769
834
157
71
271
69
93
73
380
269
186
79
92
504
616
728
108
383
71
101
271
705
785
768
105
274
78
192
774
401
269
92
566
764
127
141
774
81
785
264
197
490
739
70
99
161
401
592
659
493
590
163
595
273
85
271
401
79
403
71
98
705
842
585
67
109
739
590
127
769
970
357
106
616
269
283
357
403
159
590
566
769
277
113
67
284
705
109
106
264
108
278
78
584
707
28
271
195
566
587
296
616
504
383
707
116
71
163
842
728
273
76
109
276
132
296
590
269
659
79
591
186
276
158
277
769
762
764
183
585
278
261
493
774
263
616
153
158
277
88
263
71
116
785
592
296
707
493
186
174
628
69
79
764
357
110
71
76
616
186
768
69
79
93
296
659
785
106
92
111
141
294
83
590
70
108
85
113
78
127
403
379
739
294
296
154
92
105
141
83
93
399
802
278
595
93
585
111
127
69
768
769
1
71
88
278
113
707
101
504
616
197
98
157
787
970
566
504
762
834
383
592
183
69
195
141
590
127
78
106
101
401
88
274
296
113
93
490
383
174
585
566
98
584
157
375
127
159
269
739
105
77
276
73
707
183
592
357
294
99
119
595
109
71
276
155
81
98
153
284
383
764
785
401
79
