83
208
357
379
29
74
296
126
116
163
616
153
61
787
375
79
119
122
110
159
401
208
970
186
357
492
792
823
154
277
182
92
155
108
379
399
127
79
97
119
379
729
403
132
774
955
823
111
377
92
117
126
127
283
106
208
362
99
61
792
163
192
504
277
774
383
296
493
399
264
379
283
375
77
261
785
834
74
83
273
296
762
147
379
792
764
377
211
83
403
163
78
93
261
383
208
106
186
616
404
490
79
357
401
127
842
659
283
970
287
197
379
399
77
161
132
106
154
98
92
85
284
380
401
70
762
83
842
287
274
4
356
403
78
375
76
141
729
109
277
98
110
407
377
92
774
729
155
28
762
276
79
764
584
29
154
264
780
97
85
61
764
379
494
159
271
85
492
92
357
490
787
399
380
4
261
74
158
287
99
271
787
92
105
616
264
375
85
111
79
284
834
83
566
1
823
186
792
71
77
728
117
105
787
153
490
197
296
154
126
494
264
77
842
659
211
379
955
377
403
834
1
764
161
283
70
141
493
785
616
276
504
264
69
71
823
197
284
296
4
787
88
834
399
792
79
29
407
4
163
159
106
955
729
127
76
83
98
97
823
264
105
404
955
98
764
407
28
127
192
380
69
211
261
834
287
153
117
356
492
764
71
119
174
211
362
186
29
161
61
99
377
79
774
785
159
955
380
122
284
83
109
276
403
4
197
79
377
490
296
399
153
116
111
110
141
584
404
271
69
163
823
492
158
154
81
377
122
126
383
380
792
70
208
78
616
127
764
116
399
79
132
110
127
273
141
154
284
490
97
153
399
99
70
375
105
78
73
117
283
108
186
85
273
261
159
276
792
147
208
407
955
88
98
379
362
287
383
774
787
273
955
127
283
762
375
764
97
74
126
379
787
161
780
584
85
71
296
106
183
127
380
153
274
105
192
78
111
109
117
362
493
842
29
159
296
126
494
98
71
401
186
380
357
584
4
404
85
116
274
403
1
792
109
155
122
271
616
69
97
111
283
383
93
186
729
401
161
108
287
85
276
61
375
147
380
74
154
92
616
110
111
159
109
729
379
70
276
183
284
197
186
584
28
383
71
728
566
132
296
407
377
70
81
284
92
186
99
404
105
375
659
834
296
132
126
153
97
780
774
85
401
70
116
28
842
147
97
271
261
211
79
283
183
117
208
99
83
356
192
92
379
1
493
174
108
183
141
296
79
383
780
76
155
792
566
73
154
106
153
4
1
79
155
73
108
154
182
186
780
127
271
97
132
823
78
126
383
159
264
163
383
407
493
116
69
78
127
284
105
490
98
108
111
77
377
211
73
109
584
110
105
287
787
29
659
108
161
158
183
380
116
399
132
616
504
77
119
154
823
264
93
182
161
970
762
108
283
186
357
29
127
99
504
163
122
98
141
403
97
69
79
616
127
787
380
401
81
277
70
154
92
407
99
284
276
383
264
357
155
377
287
108
490
197
92
182
208
61
211
78
97
81
99
73
110
296
4
357
504
93
787
192
380
98
504
785
70
357
401
780
492
490
88
186
154
283
296
493
99
208
834
490
955
273
83
108
287
383
403
186
192
182
774
380
174
283
379
493
97
97
61
955
69
504
116
186
74
78
93
823
28
127
111
1
192
764
122
70
98
4
276
283
92
284
119
1
616
403
277
154
762
69
261
77
492
29
271
122
183
70
73
362
119
174
192
787
108
141
284
287
356
616
111
504
955
116
85
83
88
186
584
155
147
823
119
375
296
356
70
842
404
97
71
834
271
109
183
163
493
163
823
117
161
504
122
153
208
77
108
566
106
74
764
1
98
792
785
728
186
127
106
159
4
284
77
116
70
762
183
109
92
141
375
61
76
407
79
83
28
163
74
276
842
399
77
584
192
380
356
126
153
158
955
155
79
109
105
494
97
383
147
28
98
108
174
261
79
277
117
141
29
70
93
404
377
61
132
81
284
93
762
404
357
127
492
88
119
106
490
362
276
377
182
659
264
76
147
29
616
153
85
616
161
780
785
823
147
566
261
492
92
762
154
401
264
186
211
78
99
119
493
174
77
970
147
787
357
108
73
28
83
261
29
375
377
774
161
106
403
785
399
192
211
83
122
110
153
490
375
155
77
276
163
729
183
362
780
174
823
375
356
264
504
97
197
566
79
785
127
357
401
71
161
764
296
271
379
4
88
284
83
277
106
356
141
401
108
99
287
261
490
92
161
70
109
29
504
728
147
955
377
407
380
79
98
83
92
792
823
362
155
71
78
4
970
383
70
76
105
