221
49
35
89
46
20
170
98
172
14
1465
87
44
85
14
40
172
995
104
164
51
771
49
8
1432
867
172
93
249
21
89
7
104
231
172
995
771
183
21
1465
7
612
995
140
224
1465
221
20
867
771
32
85
223
771
90
868
607
1465
93
451
364
867
48
863
170
607
181
89
183
14
87
48
85
225
89
63
14
98
231
127
104
84
21
451
8
20
63
183
231
164
1465
863
995
221
231
172
127
90
7
607
249
48
7
8
32
170
95
46
20
867
84
104
46
98
87
520
612
1465
140
249
63
49
221
364
89
32
1999
170
40
771
868
104
140
164
85
63
612
89
520
40
7
20
868
1999
183
520
612
164
44
104
85
223
364
1568
32
771
63
249
868
21
49
249
93
1568
364
607
231
48
225
170
1999
32
607
14
35
224
51
1432
49
1568
1432
93
612
51
32
84
170
221
867
140
35
98
127
224
49
95
867
84
90
48
607
89
85
183
1432
84
364
1999
49
1465
49
14
164
1999
868
20
612
48
98
32
1465
21
249
451
364
48
868
87
183
8
863
249
49
221
451
84
183
223
231
44
520
170
1999
93
48
164
14
140
90
183
1999
231
40
249
44
607
995
32
867
612
231
46
1432
520
89
14
225
85
771
1999
164
49
90
771
224
183
231
46
84
172
32
223
7
46
867
183
8
63
90
1568
224
8
1999
225
364
607
170
21
51
183
20
223
48
93
35
85
170
63
84
89
224
93
89
14
40
49
364
249
63
223
87
172
48
231
127
35
104
771
223
1568
1999
607
48
183
127
35
84
44
771
612
995
612
8
451
1568
44
1432
231
221
224
20
89
451
221
364
771
21
1465
44
224
867
14
127
1465
771
40
224
95
84
46
249
172
85
1465
93
223
607
451
771
49
607
85
172
35
249
40
98
451
612
224
98
607
451
48
35
63
127
364
612
46
93
7
51
224
520
172
221
249
867
225
85
451
249
183
771
89
170
995
51
14
995
1999
451
98
520
51
89
1465
1568
249
127
98
451
364
223
84
607
1465
48
231
20
249
84
46
104
63
520
49
451
85
46
87
863
224
14
1568
95
170
48
868
85
995
104
225
867
87
21
520
1568
868
181
451
85
612
867
63
225
104
8
84
1465
87
1432
231
40
607
90
183
771
249
771
87
223
520
1999
140
170
867
104
224
