285
264
263
282
287
105
390
108
25
27
260
268
141
23
136
229
15
274
124
121
128
534
337
30
32
132
285
295
13
269
278
269
206
105
510
28
337
124
121
273
27
260
337
13
268
510
128
105
282
273
25
282
229
274
326
263
13
534
234
202
131
329
13
326
24
121
534
390
268
274
285
32
13
339
268
294
124
263
279
282
131
269
15
510
23
260
263
30
279
339
121
279
141
32
329
108
25
4
27
56
30
128
279
27
390
326
264
285
534
278
202
234
264
206
287
268
282
136
128
274
268
295
106
13
32
326
264
56
329
534
24
390
132
121
234
282
373
339
269
337
56
263
268
27
267
234
229
390
28
339
268
202
4
390
510
229
56
136
267
23
295
279
141
264
390
202
234
28
373
56
285
141
131
390
32
295
373
132
337
267
141
132
260
24
131
390
267
106
277
23
24
25
108
22
279
229
23
202
27
390
136
390
132
206
269
105
285
534
25
234
141
390
4
128
534
263
279
131
287
339
510
28
13
128
229
294
326
22
285
263
106
4
131
23
339
267
279
274
30
124
373
326
274
510
534
279
136
124
32
24
295
282
25
105
234
121
32
27
287
132
136
337
274
373
229
25
105
534
273
295
534
56
263
287
15
13
105
390
24
28
136
28
132
294
373
108
206
279
24
510
56
124
202
108
15
390
13
267
128
285
206
229
267
27
128
141
285
269
263
268
121
264
268
13
105
206
339
131
106
287
206
282
329
337
124
15
264
294
28
141
13
263
277
339
294
260
269
141
273
128
121
267
534
264
278
15
263
339
128
234
106
264
105
534
25
4
337
23
510
339
202
234
294
373
267
136
287
326
28
30
4
260
105
273
278
32
390
202
295
277
295
329
267
105
260
264
285
229
106
56
278
124
22
234
295
32
15
279
287
136
337
141
295
13
25
339
329
273
260
263
56
260
534
121
132
229
278
339
294
326
32
373
278
390
268
277
25
15
22
285
141
279
128
337
27
267
373
287
32
105
15
13
124
24
202
28
510
229
282
132
22
27
390
56
326
15
32
106
285
278
202
132
206
128
285
269
260
277
32
326
267
13
141
277
23
27
274
264
32
30
278
32
131
277
274
295
128
105
263
534
106
56
234
287
4
263
13
510
294
105
