30
28
35
43
229
287
282
121
78
25
13
396
31
106
121
108
25
229
234
346
124
282
30
33
136
27
37
295
32
112
35
217
277
269
234
260
105
43
228
287
234
28
277
43
124
264
339
106
294
31
188
22
134
108
132
269
277
35
136
396
112
282
132
33
459
290
510
264
30
43
108
134
346
121
30
32
124
269
339
128
229
106
134
37
396
4
287
33
108
27
267
287
30
136
13
459
28
78
134
337
112
295
277
234
459
35
37
264
269
105
277
37
106
131
339
136
25
287
273
269
78
228
23
396
229
22
282
28
287
188
273
337
37
28
31
132
25
108
346
105
339
13
22
132
282
269
106
124
105
28
106
13
31
43
78
29
25
263
282
295
78
282
124
13
30
29
27
264
28
4
23
121
4
28
131
217
13
37
108
134
13
459
229
396
267
33
121
31
28
263
234
295
459
273
263
13
27
4
124
339
290
267
510
32
228
295
131
287
136
346
29
4
27
33
32
287
25
78
106
229
346
35
108
28
295
33
267
396
134
30
290
13
287
134
37
124
459
4
132
27
459
131
264
228
106
260
263
37
112
25
30
112
37
124
33
32
337
134
282
128
37
396
35
29
136
269
112
337
273
287
106
28
264
35
32
29
124
121
188
234
78
30
13
510
290
43
124
105
121
273
510
134
132
22
33
78
282
217
131
128
29
121
27
78
35
136
282
131
290
112
339
128
188
22
269
228
121
264
33
29
30
234
105
132
229
37
260
263
27
346
273
396
260
134
105
264
287
29
106
339
23
106
29
295
260
105
134
217
346
234
132
131
4
346
273
510
229
287
27
28
260
273
131
106
108
263
28
282
136
188
234
188
124
229
29
269
37
35
30
263
35
108
267
28
22
294
273
260
78
510
346
27
33
105
263
22
29
43
106
264
277
228
30
23
25
31
267
35
29
4
217
13
229
128
78
106
108
23
28
4
131
128
78
121
13
31
4
22
282
124
105
108
78
459
121
267
228
43
22
396
229
121
23
267
112
269
43
228
30
459
188
105
290
263
35
131
339
459
25
32
134
28
112
295
4
228
25
282
273
30
337
78
108
43
131
106
29
124
264
295
108
13
263
29
287
43
269
188
217
337
264
29
30
273
32
43
22
459
337
510
